 55 1844.089379 1.876E-31 1.102E+01.03660.039 4079.67840.67-.002841              1              0                    P 48      47562310 8 5 5 1 8   190.0  194.0
 55 1848.870052 4.114E-31 1.111E+01.03700.039 3914.25010.67-.002837              1              0                    P 47      47562310 8 5 5 1 8   186.0  190.0
 55 1853.626068 8.870E-31 1.119E+01.03740.040 3752.17860.67-.002833              1              0                    P 46      47562310 8 5 5 1 8   182.0  186.0
 52 1854.259358 1.789E-31 1.154E+01.03450.037 5409.56850.67-.002872              1              0                    P 54      47562310 8 5 5 1 8   214.0  218.0
 55 1858.357312 1.881E-30 1.127E+01.03780.040 3593.46950.67-.002829              1              0                    P 45      47562310 8 5 5 1 8   178.0  182.0
 52 1859.478343 4.539E-31 1.163E+01.03480.037 5214.57690.67-.002866              1              0                    P 53      47562310 8 5 5 1 8   210.0  214.0
 53 1861.677406 2.199E-31 1.164E+01.03520.037 5004.12490.67-.002861              1              0                    P 52      47562310 8 5 5 1 8   103.0  105.0
 55 1863.063665 3.921E-30 1.135E+01.03820.040 3438.12830.67-.002826              1              0                    P 44      47562310 8 5 5 1 8   174.0  178.0
 52 1864.671631 1.132E-30 1.172E+01.03520.037 5023.07030.67-.002861              1              0                    P 52      47562310 8 5 5 1 8   206.0  210.0
 53 1866.822698 5.372E-31 1.173E+01.03550.038 4816.81370.67-.002856              1              0                    P 51      47562310 8 5 5 1 8   101.0  103.0
 55 1867.745009 8.036E-30 1.144E+01.03860.041 3286.16040.67-.002822              1              0                    P 43      47562310 8 5 5 1 8   170.0  174.0
 52 1869.839094 2.775E-30 1.181E+01.03550.038 4835.05580.67-.002856              1              0                    P 51      47562310 8 5 5 1 8   202.0  206.0
 53 1871.942171 1.290E-30 1.182E+01.03590.038 4632.98870.67-.002851              1              0                    P 50      47562310 8 5 5 1 8    99.0  101.0
 55 1872.401228 1.620E-29 1.152E+01.03900.041 3137.57120.67-.002819              1              0                    P 42      47562310 8 5 5 1 8   166.0  170.0
 51 1872.749298 2.532E-31 1.219E+01.03350.036 6289.18470.67-.002889              1              0                    P 57      47562310 8 5 5 1 8   113.0  115.0
 56 1873.361503 1.107E-31 1.169E+01.03740.040 3843.94610.67-.002833              1              0                    P 46      47562310 8 5 5 1 8  1092.0 1116.0
 52 1874.980602 6.684E-30 1.190E+01.03590.038 4650.54030.67-.002851              1              0                    P 50      47562310 8 5 5 1 8   198.0  202.0
 55 1877.032202 3.209E-29 1.161E+01.03950.042 2992.36580.67-.002817              1              0                    P 41      47562310 8 5 5 1 8   162.0  166.0
 53 1877.035698 3.043E-30 1.192E+01.03620.038 4452.65680.67-.002846              1              0                    P 49      47562310 8 5 5 1 8    97.0   99.0
 56 1878.223265 2.392E-31 1.178E+01.03780.040 3681.37980.67-.002829              1              0                    P 45      47562310 8 5 5 1 8  1068.0 1092.0
 51 1878.321932 7.078E-31 1.229E+01.03380.036 6074.53040.67-.002883              1              0                    P 56      47562310 8 5 5 1 8   111.0  113.0
 52 1880.096027 1.582E-29 1.200E+01.03620.038 4469.53050.67-.002846              1              0                    P 49      47562310 8 5 5 1 8   194.0  198.0
 55 1881.289555 1.423E-31 2.335E+01.04220.045 4217.07250.67-.002809              2              1                    P 35      47562310 8 5 5 1 8   138.0  142.0
 55 1881.637813 6.250E-29 1.169E+01.03990.042 2850.54920.67-.002815              1              0                    P 40      47562310 8 5 5 1 8   158.0  162.0
 53 1882.103150 7.056E-30 1.201E+01.03660.039 4275.82450.67-.002841              1              0                    P 48      47562310 8 5 5 1 8    95.0   97.0
 56 1883.059278 5.079E-31 1.187E+01.03820.040 3522.26110.67-.002826              1              0                    P 44      47562310 8 5 5 1 8  1044.0 1068.0
 51 1883.867653 1.943E-30 1.239E+01.03420.036 5863.48830.67-.002877              1              0                    P 55      47562310 8 5 5 1 8   109.0  111.0
 52 1885.185240 3.681E-29 1.209E+01.03660.039 4292.03300.67-.002841              1              0                    P 48      47562310 8 5 5 1 8   190.0  194.0
 55 1885.710175 2.485E-31 2.352E+01.04270.045 4096.74880.67-.002809              2              1                    P 34      47562310 8 5 5 1 8   134.0  138.0
 55 1886.217944 1.197E-28 1.177E+01.04030.043 2712.12640.67-.002813              1              0                    P 39      47562310 8 5 5 1 8   154.0  158.0
 52 1886.326755 1.662E-31 2.418E+01.03860.041 5522.57240.67-.002822              2              1                    P 43      47562310 8 5 5 1 8   170.0  174.0
 53 1887.144401 1.608E-29 1.210E+01.03700.039 4102.49840.67-.002837              1              0                    P 47      47562310 8 5 5 1 8    93.0   95.0
 56 1887.869416 1.060E-30 1.196E+01.03860.041 3366.59580.67-.002822              1              0                    P 43      47562310 8 5 5 1 8  1020.0 1044.0
 51 1889.386322 5.241E-30 1.249E+01.03450.037 5656.06660.67-.002872              1              0                    P 54      47562310 8 5 5 1 8   107.0  109.0
 55 1890.104599 4.267E-31 2.369E+01.04320.046 3979.81560.67-.002809              2              1                    P 33      47562310 8 5 5 1 8   130.0  134.0
 52 1890.248112 8.414E-29 1.218E+01.03700.039 4118.05440.67-.002837              1              0                    P 47      47562310 8 5 5 1 8   186.0  190.0
 54 1890.534174 1.485E-31 1.233E+01.03590.038 4740.88040.67-.002851              1              0                    P 50      47562310 8 5 5 1 8   594.0  606.0
 55 1890.772475 2.252E-28 1.186E+01.04080.043 2577.10220.67-.002811              1              0                    P 38      47562310 8 5 5 1 8   150.0  154.0
 52 1891.223252 3.453E-31 2.437E+01.03900.041 5367.68800.67-.002819              2              1                    P 42      47562310 8 5 5 1 8   166.0  170.0
 53 1892.159320 3.600E-29 1.219E+01.03740.040 3932.68460.67-.002833              1              0                    P 46      47562310 8 5 5 1 8    91.0   93.0
 56 1892.653558 2.174E-30 1.205E+01.03900.041 3214.38940.67-.002819              1              0                    P 42      47562310 8 5 5 1 8   996.0 1020.0
 53 1892.950689 1.348E-31 2.438E+01.03950.042 5200.62880.67-.002817              2              1                    P 41      47562310 8 5 5 1 8    81.0   83.0
 55 1894.472707 7.200E-31 2.386E+01.04380.046 3866.27720.67-.002810              2              1                    P 32      47562310 8 5 5 1 8   126.0  130.0
 51 1894.877801 1.388E-29 1.260E+01.03480.037 5452.27330.67-.002866              1              0                    P 53      47562310 8 5 5 1 8   105.0  107.0
 52 1895.284513 1.890E-28 1.228E+01.03740.040 3947.60110.67-.002833              1              0                    P 46      47562310 8 5 5 1 8   182.0  186.0
 55 1895.301287 4.166E-28 1.194E+01.04130.044 2445.48130.67-.002810              1              0                    P 37      47562310 8 5 5 1 8   146.0  150.0
 54 1895.762546 3.575E-31 1.242E+01.03620.038 4556.38180.67-.002846              1              0                    P 49      47562310 8 5 5 1 8   582.0  594.0
 52 1896.092624 7.050E-31 2.455E+01.03950.042 5216.32610.67-.002817              2              1                    P 41      47562310 8 5 5 1 8   162.0  166.0
 53 1897.147779 7.919E-29 1.229E+01.03780.040 3766.38940.67-.002829              1              0                    P 45      47562310 8 5 5 1 8    89.0   91.0
 56 1897.411578 4.382E-30 1.214E+01.03950.042 3065.64730.67-.002817              1              0                    P 41      47562310 8 5 5 1 8   972.0  996.0
 53 1897.772368 2.696E-31 2.456E+01.03990.042 5053.34890.67-.002815              2              1                    P 40      47562310 8 5 5 1 8    79.0   81.0
 55 1898.814381 1.194E-30 2.403E+01.04430.047 3756.13750.67-.002811              2              1                    P 31      47562310 8 5 5 1 8   122.0  126.0
 55 1899.804263 7.575E-28 1.203E+01.04170.044 2317.26820.67-.002809              1              0                    P 36      47562310 8 5 5 1 8   142.0  146.0
 52 1900.294314 4.170E-28 1.237E+01.03780.040 3780.67920.67-.002829              1              0                    P 45      47562310 8 5 5 1 8   178.0  182.0
 51 1900.341948 3.611E-29 1.270E+01.03520.037 5252.11620.67-.002861              1              0                    P 52      47562310 8 5 5 1 8   103.0  105.0
 52 1900.934741 1.414E-30 2.474E+01.03990.042 5068.49220.67-.002815              2              1                    P 40      47562310 8 5 5 1 8   158.0  162.0
 54 1900.963995 8.457E-31 1.252E+01.03660.039 4375.46100.67-.002841              1              0                    P 48      47562310 8 5 5 1 8   570.0  582.0
 53 1902.109650 1.712E-28 1.238E+01.03820.040 3603.61900.67-.002826              1              0                    P 44      47562310 8 5 5 1 8    87.0   89.0
 56 1902.143353 8.680E-30 1.223E+01.03990.042 2920.37490.67-.002815              1              0                    P 40      47562310 8 5 5 1 8   948.0  972.0
 51 1902.414094 2.342E-31 2.542E+01.03700.039 6409.92360.67-.002837              2              1                    P 47      47562310 8 5 5 1 8    93.0   95.0
 53 1902.566808 5.298E-31 2.475E+01.04030.043 4909.58950.67-.002813              2              1                    P 39      47562310 8 5 5 1 8    77.0   79.0
 55 1903.129501 1.945E-30 2.420E+01.04480.047 3649.40020.67-.002813              2              1                    P 30      47562310 8 5 5 1 8   118.0  122.0
 55 1904.281282 1.354E-27 1.212E+01.04220.045 2192.46750.67-.002809              1              0                    P 35      47562310 8 5 5 1 8   138.0  142.0
 52 1905.277385 9.041E-28 1.247E+01.03820.040 3617.29500.67-.002826              1              0                    P 44      47562310 8 5 5 1 8   174.0  178.0
 52 1905.749472 2.786E-30 2.492E+01.04030.043 4924.19190.67-.002813              2              1                    P 39      47562310 8 5 5 1 8   154.0  158.0
 51 1905.778626 9.225E-29 1.280E+01.03550.038 5055.60290.67-.002856              1              0                    P 51      47562310 8 5 5 1 8   101.0  103.0
 54 1906.138386 1.965E-30 1.262E+01.03700.039 4198.12490.67-.002837              1              0                    P 47      47562310 8 5 5 1 8   558.0  570.0
 56 1906.848758 1.689E-29 1.232E+01.04030.043 2778.57730.67-.002813              1              0                    P 39      47562310 8 5 5 1 8   924.0  948.0
 53 1907.044803 3.635E-28 1.247E+01.03860.041 3444.37910.67-.002822              1              0                    P 43      47562310 8 5 5 1 8    85.0   87.0
 53 1907.333878 1.023E-30 2.493E+01.04080.043 4769.35600.67-.002811              2              1                    P 38      47562310 8 5 5 1 8    75.0   77.0
 55 1907.417946 3.112E-30 2.437E+01.04540.048 3546.06930.67-.002815              2              1                    P 29      47562310 8 5 5 1 8   114.0  118.0
 51 1907.676322 5.419E-31 2.562E+01.03740.040 6233.38530.67-.002833              2              1                    P 46      47562310 8 5 5 1 8    91.0   93.0
 55 1908.732226 2.377E-27 1.220E+01.04270.045 2071.08340.67-.002809              1              0                    P 34      47562310 8 5 5 1 8   134.0  138.0
 52 1910.233595 1.926E-27 1.256E+01.03860.041 3457.45440.67-.002822              1              0                    P 43      47562310 8 5 5 1 8   170.0  174.0
 52 1910.536685 5.391E-30 2.511E+01.04080.043 4783.43050.67-.002811              2              1                    P 38      47562310 8 5 5 1 8   150.0  154.0
 51 1911.187693 2.314E-28 1.290E+01.03590.038 4862.74110.67-.002851              1              0                    P 50      47562310 8 5 5 1 8    99.0  101.0
 54 1911.285584 4.485E-30 1.272E+01.03740.040 4024.38010.67-.002833              1              0                    P 46      47562310 8 5 5 1 8   546.0  558.0
 56 1911.527669 3.231E-29 1.241E+01.04080.043 2640.25960.67-.002811              1              0                    P 38      47562310 8 5 5 1 8   900.0  924.0
 55 1911.679598 4.894E-30 2.454E+01.04600.049 3446.14820.67-.002817              2              1                    P 28      47562310 8 5 5 1 8   110.0  114.0
 53 1911.953108 7.584E-28 1.257E+01.03900.041 3288.67570.67-.002819              1              0                    P 42      47562310 8 5 5 1 8    83.0   85.0
 53 1912.073448 1.939E-30 2.512E+01.04130.044 4632.65350.67-.002810              2              1                    P 37      47562310 8 5 5 1 8    73.0   75.0
 51 1912.910229 1.231E-30 2.583E+01.03780.040 6060.49900.67-.002829              2              1                    P 45      47562310 8 5 5 1 8    89.0   91.0
 55 1913.156976 4.102E-27 1.229E+01.04320.046 1953.12020.67-.002809              1              0                    P 33      47562310 8 5 5 1 8   130.0  134.0
 52 1915.162815 4.029E-27 1.265E+01.03900.041 3301.16330.67-.002819              1              0                    P 42      47562310 8 5 5 1 8   166.0  170.0
 52 1915.296250 1.025E-29 2.529E+01.04130.044 4646.21310.67-.002810              2              1                    P 37      47562310 8 5 5 1 8   146.0  150.0
 56 1915.398826 1.003E-31 2.496E+01.04380.046 3935.55780.67-.002810              2              1                    P 32      47562310 8 5 5 1 8   756.0  780.0
 55 1915.914337 7.559E-30 2.472E+01.04650.049 3349.64050.67-.002819              2              1                    P 27      47562310 8 5 5 1 8   106.0  110.0
 56 1916.179962 6.071E-29 1.250E+01.04130.044 2505.42670.67-.002810              1              0                    P 37      47562310 8 5 5 1 8   876.0  900.0
 54 1916.405454 1.005E-29 1.282E+01.03780.040 3854.23310.67-.002829              1              0                    P 45      47562310 8 5 5 1 8   534.0  546.0
 51 1916.569009 5.702E-28 1.301E+01.03620.038 4673.53810.67-.002846              1              0                    P 49      47562310 8 5 5 1 8    97.0   99.0
 53 1916.785388 3.612E-30 2.530E+01.04170.044 4499.48710.67-.002809              2              1                    P 36      47562310 8 5 5 1 8    71.0   73.0
 53 1916.834437 1.554E-27 1.266E+01.03950.042 3136.51450.67-.002817              1              0                    P 41      47562310 8 5 5 1 8    81.0   83.0
 55 1917.555411 6.954E-27 1.238E+01.04380.046 1838.58200.67-.002810              1              0                    P 32      47562310 8 5 5 1 8   126.0  130.0
 51 1918.115672 2.746E-30 2.603E+01.03820.040 5891.27140.67-.002826              2              1                    P 44      47562310 8 5 5 1 8    87.0   89.0
 56 1919.857326 1.684E-31 2.514E+01.04430.047 3822.73580.67-.002811              2              1                    P 31      47562310 8 5 5 1 8   732.0  756.0
 52 1920.028036 1.914E-29 2.548E+01.04170.044 4512.54480.67-.002809              2              1                    P 36      47562310 8 5 5 1 8   142.0  146.0
 52 1920.064913 8.280E-27 1.275E+01.03950.042 3148.42730.67-.002817              1              0                    P 41      47562310 8 5 5 1 8   162.0  166.0
 55 1920.122042 1.147E-29 2.489E+01.04710.050 3256.54960.67-.002822              2              1                    P 26      47562310 8 5 5 1 8   102.0  106.0
 56 1920.805512 1.121E-28 1.259E+01.04170.044 2374.08340.67-.002809              1              0                    P 36      47562310 8 5 5 1 8   852.0  876.0
 53 1921.469567 6.608E-30 2.549E+01.04220.045 4369.86160.67-.002809              2              1                    P 35      47562310 8 5 5 1 8    69.0   71.0
 54 1921.497862 2.213E-29 1.291E+01.03820.040 3687.69020.67-.002826              1              0                    P 44      47562310 8 5 5 1 8   522.0  534.0
 53 1921.688659 3.129E-27 1.276E+01.03990.042 2987.90090.67-.002815              1              0                    P 40      47562310 8 5 5 1 8    79.0   81.0
 51 1921.922433 1.379E-27 1.311E+01.03660.039 4488.00120.67-.002841              1              0                    P 48      47562310 8 5 5 1 8    95.0   97.0
 55 1921.927412 1.158E-26 1.246E+01.04430.047 1727.47280.67-.002811              1              0                    P 31      47562310 8 5 5 1 8   122.0  126.0
 51 1923.292511 6.013E-30 2.623E+01.03860.041 5725.70900.67-.002822              2              1                    P 43      47562310 8 5 5 1 8    85.0   87.0
 56 1924.288330 2.779E-31 2.532E+01.04480.047 3713.39820.67-.002813              2              1                    P 30      47562310 8 5 5 1 8   708.0  732.0
 55 1924.302594 1.708E-29 2.507E+01.04770.051 3166.87870.67-.002824              2              1                    P 25      47562310 8 5 5 1 8    98.0  102.0
 52 1924.731910 3.509E-29 2.567E+01.04220.045 4382.43060.67-.002809              2              1                    P 35      47562310 8 5 5 1 8   138.0  142.0
 52 1924.939759 1.672E-26 1.285E+01.03990.042 2999.25220.67-.002815              1              0                    P 40      47562310 8 5 5 1 8   158.0  162.0
 56 1925.404193 2.033E-28 1.268E+01.04220.045 2246.23440.67-.002809              1              0                    P 35      47562310 8 5 5 1 8   828.0  852.0
 53 1926.125855 1.187E-29 2.567E+01.04270.045 4243.78180.67-.002809              2              1                    P 34      47562310 8 5 5 1 8    67.0   69.0
 55 1926.272861 1.896E-26 1.255E+01.04480.047 1619.79640.67-.002813              1              0                    P 30      47562310 8 5 5 1 8   118.0  122.0
 53 1926.515645 6.189E-27 1.285E+01.04030.043 2842.84040.67-.002813              1              0                    P 39      47562310 8 5 5 1 8    77.0   79.0
 54 1926.562673 4.785E-29 1.301E+01.03860.041 3524.75760.67-.002822              1              0                    P 43      47562310 8 5 5 1 8   510.0  522.0
 54 1926.938245 1.307E-31 2.601E+01.04080.043 4855.79380.67-.002811              2              1                    P 38      47562310 8 5 5 1 8   450.0  462.0
 51 1927.247824 3.276E-27 1.322E+01.03700.039 4306.13750.67-.002837              1              0                    P 47      47562310 8 5 5 1 8    93.0   95.0
 51 1928.440602 1.293E-29 2.644E+01.03900.041 5563.81840.67-.002819              2              1                    P 42      47562310 8 5 5 1 8    83.0   85.0
 55 1928.455872 2.499E-29 2.525E+01.04830.051 3080.63100.67-.002827              2              1                    P 24      47562310 8 5 5 1 8    94.0   98.0
 56 1928.691712 4.502E-31 2.550E+01.04540.048 3607.54890.67-.002815              2              1                    P 29      47562310 8 5 5 1 8   684.0  708.0
 52 1929.407741 6.319E-29 2.586E+01.04270.045 4255.87530.67-.002809              2              1                    P 34      47562310 8 5 5 1 8   134.0  138.0
 52 1929.787222 3.315E-26 1.294E+01.04030.043 2853.64320.67-.002813              1              0                    P 39      47562310 8 5 5 1 8   154.0  158.0
 56 1929.975881 3.621E-28 1.277E+01.04270.045 2121.88420.67-.002809              1              0                    P 34      47562310 8 5 5 1 8   804.0  828.0
 55 1930.591636 3.048E-26 1.264E+01.04540.048 1515.55650.67-.002815              1              0                    P 29      47562310 8 5 5 1 8   114.0  118.0
 53 1930.754121 2.095E-29 2.586E+01.04320.046 4121.25240.67-.002809              2              1                    P 33      47562310 8 5 5 1 8    65.0   67.0
 53 1931.315263 1.202E-26 1.295E+01.04080.043 2701.33830.67-.002811              1              0                    P 38      47562310 8 5 5 1 8    75.0   77.0
 54 1931.599751 1.016E-28 1.311E+01.03900.041 3365.44150.67-.002819              1              0                    P 42      47562310 8 5 5 1 8   498.0  510.0
 54 1931.800913 2.517E-31 2.621E+01.04130.044 4715.92640.67-.002810              2              1                    P 37      47562310 8 5 5 1 8   438.0  450.0
 51 1932.545040 7.640E-27 1.332E+01.03740.040 4127.95390.67-.002833              1              0                    P 46      47562310 8 5 5 1 8    91.0   93.0
 55 1932.581757 3.589E-29 2.543E+01.04900.052 2997.80950.67-.002829              2              1                    P 23      47562310 8 5 5 1 8    90.0   94.0
 56 1933.067347 7.163E-31 2.569E+01.04600.049 3505.19170.67-.002817              2              1                    P 28      47562310 8 5 5 1 8   660.0  684.0
 51 1933.559804 2.729E-29 2.664E+01.03950.042 5405.60560.67-.002817              2              1                    P 41      47562310 8 5 5 1 8    81.0   83.0
 52 1934.055398 1.117E-28 2.605E+01.04320.046 4132.88350.67-.002809              2              1                    P 33      47562310 8 5 5 1 8   130.0  134.0
 56 1934.520450 6.337E-28 1.286E+01.04320.046 2001.03730.67-.002809              1              0                    P 33      47562310 8 5 5 1 8   780.0  804.0
 52 1934.607171 6.455E-26 1.304E+01.04080.043 2711.60590.67-.002811              1              0                    P 38      47562310 8 5 5 1 8   150.0  154.0
 55 1934.883618 4.813E-26 1.273E+01.04600.049 1414.75690.67-.002817              1              0                    P 28      47562310 8 5 5 1 8   110.0  114.0
 53 1935.354234 3.629E-29 2.605E+01.04380.046 4002.27790.67-.002810              2              1                    P 32      47562310 8 5 5 1 8    63.0   65.0
 53 1936.087384 2.293E-26 1.304E+01.04130.044 2563.39970.67-.002810              1              0                    P 37      47562310 8 5 5 1 8    73.0   75.0
 54 1936.608959 2.119E-28 1.321E+01.03950.042 3209.74780.67-.002817              1              0                    P 41      47562310 8 5 5 1 8   486.0  498.0
 54 1936.635027 4.760E-31 2.640E+01.04170.044 4579.67540.67-.002809              2              1                    P 36      47562310 8 5 5 1 8   426.0  438.0
 55 1936.680127 5.059E-29 2.561E+01.04960.053 2918.41710.67-.002831              2              1                    P 22      47562310 8 5 5 1 8    86.0   90.0
 52 1936.973099 1.551E-31 3.926E+01.04650.049 5528.39850.67-.002819              3              2                    P 27      47566310 8 5 5 1 8   106.0  110.0
 56 1937.415110 1.119E-30 2.587E+01.04650.049 3406.33030.67-.002819              2              1                    P 27      47562310 8 5 5 1 8   636.0  660.0
 51 1937.813941 1.749E-26 1.343E+01.03780.040 3953.45740.67-.002829              1              0                    P 45      47562310 8 5 5 1 8    89.0   91.0
 51 1938.649974 5.655E-29 2.685E+01.03990.042 5251.07690.67-.002815              2              1                    P 40      47562310 8 5 5 1 8    79.0   81.0
 52 1938.674749 1.940E-28 2.624E+01.04380.046 4013.45980.67-.002810              2              1                    P 32      47562310 8 5 5 1 8   126.0  130.0
 56 1939.037776 1.089E-27 1.296E+01.04380.046 1883.69800.67-.002810              1              0                    P 32      47562310 8 5 5 1 8   756.0  780.0
 55 1939.148687 7.465E-26 1.282E+01.04650.049 1317.40090.67-.002819              1              0                    P 27      47562310 8 5 5 1 8   106.0  110.0
 52 1939.399474 1.235E-25 1.313E+01.04130.044 2573.14530.67-.002810              1              0                    P 37      47562310 8 5 5 1 8   146.0  150.0
 53 1939.926062 6.173E-29 2.624E+01.04430.047 3886.86260.67-.002811              2              1                    P 31      47562310 8 5 5 1 8    61.0   63.0
 55 1940.750863 7.000E-29 2.580E+01.05030.053 2842.45660.67-.002832              2              1                    P 21      47562310 8 5 5 1 8    82.0   86.0
 53 1940.831878 4.296E-26 1.314E+01.04170.044 2429.02970.67-.002809              1              0                    P 36      47562310 8 5 5 1 8    71.0   73.0
 52 1941.387072 2.398E-31 3.955E+01.04710.050 5431.35460.67-.002822              3              2                    P 26      47566310 8 5 5 1 8   102.0  106.0
 54 1941.440453 8.835E-31 2.660E+01.04220.045 4447.04600.67-.002809              2              1                    P 35      47562310 8 5 5 1 8   414.0  426.0
 54 1941.590164 4.337E-28 1.331E+01.03990.042 3057.68220.67-.002815              1              0                    P 40      47562310 8 5 5 1 8   474.0  486.0
 56 1941.734873 1.717E-30 2.606E+01.04710.050 3310.96820.67-.002822              2              1                    P 26      47562310 8 5 5 1 8   612.0  636.0
 51 1943.054383 3.932E-26 1.353E+01.03820.040 3782.65470.67-.002826              1              0                    P 44      47562310 8 5 5 1 8    87.0   89.0
 52 1943.265660 3.307E-28 2.643E+01.04430.047 3897.60860.67-.002811              2              1                    P 31      47562310 8 5 5 1 8   122.0  126.0
 51 1943.350357 1.683E-31 4.051E+01.04270.045 6497.55860.67-.002809              3              2                    P 34      47566310 8 5 5 1 8    67.0   69.0
 55 1943.386723 1.137E-25 1.291E+01.04710.050 1223.49200.67-.002822              1              0                    P 26      47562310 8 5 5 1 8   102.0  106.0
 56 1943.527733 1.839E-27 1.305E+01.04430.047 1769.87040.67-.002811              1              0                    P 31      47562310 8 5 5 1 8   732.0  756.0
 51 1943.710969 1.150E-28 2.705E+01.04030.043 5100.23820.67-.002813              2              1                    P 39      47562310 8 5 5 1 8    77.0   79.0
 52 1944.164000 2.319E-25 1.323E+01.04170.044 2438.26660.67-.002809              1              0                    P 36      47562310 8 5 5 1 8   142.0  146.0
 53 1944.469475 1.031E-28 2.643E+01.04480.047 3775.01070.67-.002813              2              1                    P 30      47562310 8 5 5 1 8    59.0   61.0
 55 1944.793844 9.502E-29 2.599E+01.05100.054 2769.93060.67-.002832              2              1                    P 20      47566310 8 5 5 1 8    78.0   82.0
 53 1945.548612 7.904E-26 1.323E+01.04220.045 2298.23320.67-.002809              1              0                    P 35      47562310 8 5 5 1 8    69.0   71.0
 52 1945.771811 3.640E-31 3.984E+01.04770.051 5337.87410.67-.002824              3              2                    P 25      47566310 8 5 5 1 8    98.0  102.0
 56 1946.026512 2.585E-30 2.625E+01.04770.051 3219.10890.67-.002824              2              1                    P 25      47562310 8 5 5 1 8   588.0  612.0
 54 1946.217052 1.610E-30 2.680E+01.04270.045 4318.04310.67-.002809              2              1                    P 34      47562310 8 5 5 1 8   402.0  414.0
 54 1946.543227 8.719E-28 1.341E+01.04030.043 2909.25060.67-.002813              1              0                    P 39      47562310 8 5 5 1 8   462.0  474.0
 53 1946.749773 1.017E-31 3.985E+01.04830.051 5236.09890.67-.002827              3              2                    P 24      47566310 8 5 5 1 8    47.0   49.0
 55 1947.597605 1.700E-25 1.301E+01.04770.051 1133.03340.67-.002824              1              0                    P 25      47562310 8 5 5 1 8    98.0  102.0
 52 1947.828001 5.535E-28 2.662E+01.04480.047 3785.33420.67-.002813              2              1                    P 30      47562310 8 5 5 1 8   118.0  122.0
 56 1947.990195 3.048E-27 1.314E+01.04480.047 1659.55870.67-.002813              1              0                    P 30      47562310 8 5 5 1 8   708.0  732.0
 51 1948.198244 3.040E-31 4.081E+01.04320.046 6370.16770.67-.002809              3              2                    P 33      47566310 8 5 5 1 8    65.0   67.0
 51 1948.266225 8.676E-26 1.364E+01.03860.041 3615.55210.67-.002822              1              0                    P 43      47562310 8 5 5 1 8    85.0   87.0
 51 1948.742646 2.296E-28 2.726E+01.04080.043 4953.09540.67-.002811              2              1                    P 38      47562310 8 5 5 1 8    75.0   77.0
 55 1948.808949 1.265E-28 2.618E+01.05170.055 2700.84170.67-.002831              2              1                    P 19      47566310 8 5 5 1 8    74.0   78.0
 52 1948.900616 4.276E-25 1.333E+01.04220.045 2306.97460.67-.002809              1              0                    P 35      47562310 8 5 5 1 8   138.0  142.0
 53 1948.984341 1.691E-28 2.662E+01.04540.048 3666.72650.67-.002815              2              1                    P 29      47562310 8 5 5 1 8    57.0   59.0
 52 1950.127183 5.420E-31 4.013E+01.04830.051 5247.96060.67-.002827              3              2                    P 24      47566310 8 5 5 1 8    94.0   98.0
 53 1950.237458 1.428E-25 1.333E+01.04270.045 2171.01500.67-.002809              1              0                    P 34      47562310 8 5 5 1 8    67.0   69.0
 56 1950.289900 3.820E-30 2.644E+01.04830.051 3130.75570.67-.002827              2              1                    P 24      47562310 8 5 5 1 8   564.0  588.0
 54 1950.964688 2.880E-30 2.700E+01.04320.046 4192.67160.67-.002809              2              1                    P 33      47562310 8 5 5 1 8   390.0  402.0
 53 1951.058020 1.484E-31 4.014E+01.04900.052 5150.07990.67-.002829              3              2                    P 23      47566310 8 5 5 1 8    45.0   47.0
 54 1951.468014 1.721E-27 1.351E+01.04080.043 2764.45840.67-.002811              1              0                    P 38      47562310 8 5 5 1 8   450.0  462.0
 55 1951.781214 2.497E-25 1.310E+01.04830.051 1046.02830.67-.002827              1              0                    P 24      47562310 8 5 5 1 8    94.0   98.0
 52 1952.361638 9.094E-28 2.681E+01.04540.048 3676.64070.67-.002815              2              1                    P 29      47562310 8 5 5 1 8   114.0  118.0
 56 1952.425036 4.962E-27 1.324E+01.04540.048 1552.76660.67-.002815              1              0                    P 29      47562310 8 5 5 1 8   684.0  708.0
 55 1952.796058 1.653E-28 2.638E+01.05240.056 2635.19220.68-.002828              2              1                    P 18      47566310 8 5 5 1 8    70.0   74.0
 51 1953.015948 5.390E-31 4.112E+01.04380.046 6246.46950.67-.002810              3              2                    P 32      47566310 8 5 5 1 8    63.0   65.0
 51 1953.449325 1.879E-25 1.374E+01.03900.041 3452.15630.67-.002819              1              0                    P 42      47562310 8 5 5 1 8    83.0   85.0
 53 1953.470528 2.721E-28 2.682E+01.04600.049 3562.01390.67-.002817              2              1                    P 28      47562310 8 5 5 1 8    55.0   57.0
 52 1953.609192 7.744E-25 1.343E+01.04270.045 2179.27430.67-.002809              1              0                    P 34      47562310 8 5 5 1 8   134.0  138.0
 51 1953.744862 4.499E-28 2.747E+01.04130.044 4809.65410.67-.002810              2              1                    P 37      47562310 8 5 5 1 8    73.0   75.0
 52 1954.453055 7.919E-31 4.043E+01.04900.052 5161.61730.67-.002829              3              2                    P 23      47566310 8 5 5 1 8    90.0   94.0
 56 1954.524911 5.540E-30 2.663E+01.04900.052 3045.91170.67-.002829              2              1                    P 23      47562310 8 5 5 1 8   540.0  564.0
 53 1954.898283 2.533E-25 1.343E+01.04320.046 2047.37960.67-.002809              1              0                    P 33      47562310 8 5 5 1 8    65.0   67.0
 53 1955.336797 2.123E-31 4.044E+01.04960.053 5067.62100.67-.002831              3              2                    P 22      47566310 8 5 5 1 8    43.0   45.0
 54 1955.683224 5.058E-30 2.720E+01.04380.046 4070.93630.67-.002810              2              1                    P 32      47562310 8 5 5 1 8   378.0  390.0
 55 1955.937429 3.598E-25 1.319E+01.04900.052  962.47970.67-.002829              1              0                    P 23      47562310 8 5 5 1 8    90.0   94.0
 54 1956.364387 3.335E-27 1.362E+01.04130.044 2623.31110.67-.002810              1              0                    P 37      47562310 8 5 5 1 8   438.0  450.0
 55 1956.755050 2.116E-28 2.658E+01.05310.057 2572.98460.69-.002822              2              1                    P 17      47566310 8 5 5 1 8    66.0   70.0
 56 1956.832130 7.930E-27 1.333E+01.04600.049 1449.49820.67-.002817              1              0                    P 28      47562310 8 5 5 1 8   660.0  684.0
 52 1956.866440 1.466E-27 2.701E+01.04600.049 3571.53210.67-.002817              2              1                    P 28      47562310 8 5 5 1 8   110.0  114.0
 51 1957.803326 9.376E-31 4.143E+01.04430.047 6126.46900.67-.002811              3              2                    P 31      47566310 8 5 5 1 8    61.0   63.0
 53 1957.927905 4.298E-28 2.701E+01.04650.049 3460.87660.67-.002819              2              1                    P 27      47562310 8 5 5 1 8    53.0   55.0
 52 1958.289595 1.377E-24 1.353E+01.04320.046 2055.17020.67-.002809              1              0                    P 33      47562310 8 5 5 1 8   130.0  134.0
 51 1958.603539 3.995E-25 1.385E+01.03950.042 3292.47340.67-.002817              1              0                    P 41      47562310 8 5 5 1 8    81.0   83.0
 51 1958.717473 8.652E-28 2.768E+01.04170.044 4669.92000.67-.002809              2              1                    P 36      47562310 8 5 5 1 8    71.0   73.0
 56 1958.731418 7.885E-30 2.682E+01.04960.053 2964.58000.67-.002831              2              1                    P 22      47562310 8 5 5 1 8   516.0  540.0
 52 1958.749294 1.135E-30 4.073E+01.04960.053 5078.84750.67-.002831              3              2                    P 22      47566310 8 5 5 1 8    86.0   90.0
 53 1959.530956 4.412E-25 1.353E+01.04380.046 1927.33160.67-.002810              1              0                    P 32      47562310 8 5 5 1 8    63.0   65.0
 53 1959.585973 2.980E-31 4.074E+01.05030.053 4988.72530.67-.002832              3              2                    P 21      47566310 8 5 5 1 8    41.0   43.0
 55 1960.066130 5.090E-25 1.329E+01.04960.053  882.39040.67-.002831              1              0                    P 22      47562310 8 5 5 1 8    86.0   90.0
 54 1960.372523 8.717E-30 2.740E+01.04430.047 3952.84170.67-.002811              2              1                    P 31      47562310 8 5 5 1 8   366.0  378.0
 55 1960.685804 2.655E-28 2.679E+01.05380.058 2514.22100.70-.002814              2              1                    P 16      47566310 8 5 5 1 8    62.0   66.0
 56 1961.211352 1.244E-26 1.343E+01.04650.049 1349.75690.67-.002819              1              0                    P 27      47562310 8 5 5 1 8   636.0  660.0
 54 1961.232210 6.344E-27 1.372E+01.04170.044 2485.81380.67-.002809              1              0                    P 36      47562310 8 5 5 1 8   426.0  438.0
 52 1961.342273 2.321E-27 2.721E+01.04650.049 3470.01230.67-.002819              2              1                    P 27      47562310 8 5 5 1 8   106.0  110.0
 53 1962.356340 6.664E-28 2.721E+01.04710.050 3363.31850.67-.002822              2              1                    P 26      47562310 8 5 5 1 8    51.0   53.0
 51 1962.560233 1.600E-30 4.174E+01.04480.047 6010.17090.67-.002813              3              2                    P 30      47566310 8 5 5 1 8    59.0   61.0
 56 1962.909296 1.101E-29 2.702E+01.05030.053 2886.76350.67-.002832              2              1                    P 21      47562310 8 5 5 1 8   492.0  516.0
 52 1962.941693 2.403E-24 1.362E+01.04380.046 1934.66690.67-.002810              1              0                    P 32      47562310 8 5 5 1 8   126.0  130.0
 52 1963.015767 1.595E-30 4.103E+01.05030.053 4999.65430.67-.002832              3              2                    P 21      47566310 8 5 5 1 8    82.0   86.0
 51 1963.660335 1.633E-27 2.789E+01.04220.045 4533.89830.67-.002809              2              1                    P 35      47562310 8 5 5 1 8    69.0   71.0
 51 1963.728726 8.336E-25 1.395E+01.03990.042 3136.50950.67-.002815              1              0                    P 40      47562310 8 5 5 1 8    79.0   81.0
 53 1963.805415 4.101E-31 4.104E+01.05100.054 4913.39580.67-.002832              3              2                    P 20      47566310 8 5 5 1 8    39.0   41.0
 53 1964.135346 7.543E-25 1.363E+01.04430.047 1810.87540.67-.002811              1              0                    P 31      47562310 8 5 5 1 8    61.0   63.0
 55 1964.167195 7.065E-25 1.338E+01.05030.053  805.76340.67-.002832              1              0                    P 21      47562310 8 5 5 1 8    82.0   86.0
 55 1964.588200 3.263E-28 2.701E+01.05450.059 2458.90340.71-.002803              2              1                    P 15      47566310 8 5 5 1 8    58.0   62.0
 54 1965.032446 1.474E-29 2.760E+01.04480.047 3838.39220.67-.002813              2              1                    P 30      47562310 8 5 5 1 8   354.0  366.0
 56 1965.562576 1.916E-26 1.352E+01.04710.050 1253.54640.67-.002822              1              0                    P 26      47562310 8 5 5 1 8   612.0  636.0
 52 1965.789004 3.605E-27 2.741E+01.04710.050 3372.08510.67-.002822              2              1                    P 26      47562310 8 5 5 1 8   102.0  106.0
 54 1966.071346 1.185E-26 1.382E+01.04220.045 2351.97180.67-.002809              1              0                    P 35      47562310 8 5 5 1 8   414.0  426.0
 53 1966.755701 1.014E-27 2.741E+01.04770.051 3269.34320.67-.002824              2              1                    P 25      47562310 8 5 5 1 8    49.0   51.0
 56 1967.058417 1.507E-29 2.722E+01.05100.054 2812.46500.67-.002832              2              1                    P 20      47566310 8 5 5 1 8   468.0  492.0
 52 1967.252340 2.198E-30 4.134E+01.05100.054 4924.04050.67-.002832              3              2                    P 20      47566310 8 5 5 1 8    78.0   82.0
 51 1967.286525 2.679E-30 4.205E+01.04540.048 5897.57960.67-.002815              3              2                    P 29      47566310 8 5 5 1 8    57.0   59.0
 52 1967.565354 4.118E-24 1.372E+01.04430.047 1817.76880.67-.002811              1              0                    P 31      47562310 8 5 5 1 8   122.0  126.0
 53 1967.994991 5.533E-31 4.135E+01.05170.055 4841.63530.67-.002831              3              2                    P 19      47566310 8 5 5 1 8    37.0   39.0
 55 1968.240505 9.621E-25 1.348E+01.05100.054  732.60120.67-.002832              1              0                    P 20      47566310 8 5 5 1 8    78.0   82.0
 55 1968.462117 3.927E-28 2.723E+01.05530.059 2407.03370.72-.002787              2              1                    P 14      47566310 8 5 5 1 8    54.0   58.0
 51 1968.573304 3.024E-27 2.810E+01.04270.045 4401.59440.67-.002809              2              1                    P 34      47562310 8 5 5 1 8    67.0   69.0
 53 1968.711322 1.266E-24 1.372E+01.04480.047 1698.01520.67-.002813              1              0                    P 30      47562310 8 5 5 1 8    59.0   61.0
 51 1968.824741 1.707E-24 1.406E+01.04030.043 2984.27070.67-.002813              1              0                    P 39      47562310 8 5 5 1 8    77.0   79.0
 54 1969.662856 2.447E-29 2.780E+01.04540.048 3727.59220.67-.002815              2              1                    P 29      47562310 8 5 5 1 8   342.0  354.0
 56 1969.885675 2.897E-26 1.362E+01.04770.051 1160.87000.67-.002824              1              0                    P 25      47562310 8 5 5 1 8   588.0  612.0
 52 1970.206501 5.494E-27 2.761E+01.04770.051 3277.75410.67-.002824              2              1                    P 25      47562310 8 5 5 1 8    98.0  102.0
 54 1970.881658 2.171E-26 1.392E+01.04270.045 2221.79000.67-.002809              1              0                    P 34      47562310 8 5 5 1 8   402.0  414.0
 53 1971.125857 1.513E-27 2.761E+01.04830.051 3178.95400.67-.002827              2              1                    P 24      47562310 8 5 5 1 8    47.0   49.0
 56 1971.178655 2.024E-29 2.743E+01.05170.055 2741.68710.67-.002831              2              1                    P 19      47566310 8 5 5 1 8   444.0  468.0
 52 1971.458881 2.970E-30 4.165E+01.05170.055 4852.00920.67-.002831              3              2                    P 19      47566310 8 5 5 1 8    74.0   78.0
 51 1971.982056 4.401E-30 4.236E+01.04600.049 5788.69960.67-.002817              3              2                    P 28      47566310 8 5 5 1 8    55.0   57.0
 53 1972.154567 7.316E-31 4.167E+01.05240.056 4773.44630.68-.002828              3              2                    P 18      47566310 8 5 5 1 8    35.0   37.0
 52 1972.160445 6.926E-24 1.382E+01.04480.047 1704.48020.67-.002813              1              0                    P 30      47562310 8 5 5 1 8   118.0  122.0
 55 1972.285938 1.285E-24 1.358E+01.05170.055  662.90630.67-.002831              1              0                    P 19      47566310 8 5 5 1 8    74.0   78.0
 55 1972.307434 4.623E-28 2.747E+01.05610.060 2358.61380.73-.002765              2              1                    P 13      47566310 8 5 5 1 8    50.0   54.0
 53 1973.258752 2.086E-24 1.382E+01.04540.048 1588.75510.67-.002815              1              0                    P 29      47562310 8 5 5 1 8    57.0   59.0
 51 1973.456238 5.495E-27 2.831E+01.04320.046 4273.01330.67-.002809              2              1                    P 33      47562310 8 5 5 1 8    65.0   67.0
 51 1973.891441 3.431E-24 1.417E+01.04080.043 2835.76270.67-.002811              1              0                    P 38      47562310 8 5 5 1 8    75.0   77.0
 56 1974.180523 4.298E-26 1.372E+01.04830.051 1071.73120.67-.002827              1              0                    P 24      47562310 8 5 5 1 8   564.0  588.0
 54 1974.263616 3.986E-29 2.801E+01.04600.049 3620.44580.67-.002817              2              1                    P 28      47562310 8 5 5 1 8   330.0  342.0
 52 1974.594631 8.214E-27 2.781E+01.04830.051 3187.02260.67-.002827              2              1                    P 24      47562310 8 5 5 1 8    94.0   98.0
 56 1975.269884 2.664E-29 2.764E+01.05240.056 2674.43250.68-.002828              2              1                    P 18      47566310 8 5 5 1 8   420.0  444.0
 53 1975.466674 2.216E-27 2.781E+01.04900.052 3092.15430.67-.002829              2              1                    P 23      47562310 8 5 5 1 8    45.0   47.0
 52 1975.635255 3.931E-30 4.197E+01.05240.056 4783.56280.68-.002828              3              2                    P 18      47566310 8 5 5 1 8    70.0   74.0
 54 1975.663009 3.906E-26 1.403E+01.04320.046 2095.27330.67-.002809              1              0                    P 33      47562310 8 5 5 1 8   390.0  402.0
 55 1976.124029 5.320E-28 2.772E+01.05690.062 2313.64550.74-.002736              2              1                    P 12      47566310 8 5 5 1 8    46.0   50.0
 53 1976.284013 9.477E-31 4.200E+01.05310.057 4708.83140.69-.002822              3              2                    P 17      47566310 8 5 5 1 8    33.0   35.0
 55 1976.303374 1.683E-24 1.369E+01.05240.056  596.68130.68-.002828              1              0                    P 18      47566310 8 5 5 1 8    70.0   74.0
 51 1976.646683 7.090E-30 4.268E+01.04650.049 5683.53510.67-.002819              3              2                    P 27      47566310 8 5 5 1 8    53.0   55.0
 52 1976.726833 1.143E-23 1.392E+01.04540.048 1594.80530.67-.002815              1              0                    P 29      47562310 8 5 5 1 8   114.0  118.0
 53 1977.777504 3.373E-24 1.393E+01.04600.049 1483.09910.67-.002817              1              0                    P 28      47562310 8 5 5 1 8    55.0   57.0
 51 1978.308990 9.796E-27 2.852E+01.04380.046 4148.16010.67-.002810              2              1                    P 32      47562310 8 5 5 1 8    63.0   65.0
 56 1978.446994 6.257E-26 1.382E+01.04900.052  986.13300.67-.002829              1              0                    P 23      47562310 8 5 5 1 8   540.0  564.0
 54 1978.834588 6.369E-29 2.822E+01.04650.049 3516.95700.67-.002819              2              1                    P 27      47562310 8 5 5 1 8   318.0  330.0
 51 1978.928683 6.766E-24 1.428E+01.04130.044 2690.99130.67-.002810              1              0                    P 37      47562310 8 5 5 1 8    73.0   75.0
 52 1978.953260 1.205E-26 2.801E+01.04900.052 3099.89420.67-.002829              2              1                    P 23      47562310 8 5 5 1 8    90.0   94.0
 56 1979.331977 3.437E-29 2.785E+01.05310.057 2610.70340.69-.002822              2              1                    P 17      47566310 8 5 5 1 8   396.0  420.0
 53 1979.778021 3.182E-27 2.802E+01.04960.053 3008.94730.67-.002831              2              1                    P 22      47562310 8 5 5 1 8    43.0   45.0
 52 1979.781329 5.099E-30 4.230E+01.05310.057 4718.70400.69-.002822              3              2                    P 17      47566310 8 5 5 1 8    66.0   70.0
 55 1979.911782 5.978E-28 2.799E+01.05770.063 2272.13010.75-.002699              2              1                    P 11      47566310 8 5 5 1 8    42.0   46.0
 55 1980.292693 2.161E-24 1.379E+01.05310.057  533.92830.69-.002822              1              0                    P 17      47566310 8 5 5 1 8    66.0   70.0
 53 1980.383194 1.202E-30 4.234E+01.05380.058 4647.79310.70-.002814              3              2                    P 16      47566310 8 5 5 1 8    31.0   33.0
 54 1980.415261 6.896E-26 1.413E+01.04380.046 1972.42640.67-.002810              1              0                    P 32      47562310 8 5 5 1 8   378.0  390.0
 52 1981.264387 1.852E-23 1.403E+01.04600.049 1488.74790.67-.002817              1              0                    P 28      47562310 8 5 5 1 8   110.0  114.0
 51 1981.280260 1.120E-29 4.300E+01.04710.050 5582.09010.67-.002822              3              2                    P 26      47566310 8 5 5 1 8    51.0   53.0
 53 1982.267447 5.351E-24 1.403E+01.04650.049 1381.05110.67-.002819              1              0                    P 27      47562310 8 5 5 1 8    53.0   55.0
 56 1982.684961 8.936E-26 1.392E+01.04960.053  904.07850.67-.002831              1              0                    P 22      47562310 8 5 5 1 8   516.0  540.0
 51 1983.131417 1.713E-26 2.873E+01.04430.047 4027.03950.67-.002811              2              1                    P 31      47562310 8 5 5 1 8    61.0   63.0
 52 1983.282256 1.733E-26 2.822E+01.04960.053 3016.37200.67-.002831              2              1                    P 22      47562310 8 5 5 1 8    86.0   90.0
 56 1983.364807 4.342E-29 2.807E+01.05380.058 2550.50220.70-.002814              2              1                    P 16      47566310 8 5 5 1 8   372.0  396.0
 54 1983.375633 9.984E-29 2.842E+01.04710.050 3417.12990.67-.002822              2              1                    P 26      47562310 8 5 5 1 8   306.0  318.0
 55 1983.670573 6.552E-28 2.829E+01.05860.064 2234.06930.75-.002651              2              1                    P 10      47566310 8 5 5 1 8    38.0   42.0
 52 1983.896970 6.477E-30 4.264E+01.05380.058 4657.43510.70-.002814              3              2                    P 16      47566310 8 5 5 1 8    62.0   66.0
 51 1983.936323 1.309E-23 1.438E+01.04170.044 2549.96200.67-.002809              1              0                    P 36      47562310 8 5 5 1 8    71.0   73.0
 53 1984.059765 4.482E-27 2.823E+01.05030.053 2929.33610.67-.002832              2              1                    P 21      47562310 8 5 5 1 8    41.0   43.0
 55 1984.253772 2.718E-24 1.390E+01.05380.058  474.64960.70-.002814              1              0                    P 16      47566310 8 5 5 1 8    62.0   66.0
 53 1984.451979 1.493E-30 4.268E+01.05450.059 4590.33360.71-.002803              3              2                    P 15      47566310 8 5 5 1 8    29.0   31.0
 54 1985.138277 1.195E-25 1.423E+01.04430.047 1853.25390.67-.002811              1              0                    P 31      47562310 8 5 5 1 8   366.0  378.0
 52 1985.772972 2.945E-23 1.413E+01.04650.049 1386.31210.67-.002819              1              0                    P 27      47562310 8 5 5 1 8   106.0  110.0
 51 1985.882641 1.735E-29 4.332E+01.04770.051 5484.36870.67-.002824              3              2                    P 25      47566310 8 5 5 1 8    49.0   51.0
 53 1986.728447 8.332E-24 1.413E+01.04710.050 1282.61470.67-.002822              1              0                    P 26      47562310 8 5 5 1 8    51.0   53.0
 56 1986.894297 1.252E-25 1.402E+01.05030.053  825.57070.67-.002832              1              0                    P 21      47562310 8 5 5 1 8   492.0  516.0
 56 1987.368247 5.373E-29 2.830E+01.05450.059 2493.83110.71-.002803              2              1                    P 15      47566310 8 5 5 1 8   348.0  372.0
 55 1987.400279 6.990E-28 2.862E+01.05950.065 2199.46430.75-.002591              2              1                    P  9      47566310 8 5 5 1 8    34.0   38.0
 52 1987.581484 2.444E-26 2.843E+01.05030.053 2936.45910.67-.002832              2              1                    P 21      47562310 8 5 5 1 8    82.0   86.0
 54 1987.886614 1.535E-28 2.863E+01.04770.051 3320.96800.67-.002824              2              1                    P 25      47562310 8 5 5 1 8   294.0  306.0
 51 1987.923374 2.940E-26 2.895E+01.04480.047 3909.65620.67-.002813              2              1                    P 30      47562310 8 5 5 1 8    59.0   61.0
 52 1987.982044 8.052E-30 4.299E+01.05450.059 4599.75850.71-.002803              3              2                    P 15      47566310 8 5 5 1 8    58.0   62.0
 55 1988.186493 3.349E-24 1.401E+01.05450.059  418.84720.71-.002803              1              0                    P 15      47566310 8 5 5 1 8    58.0   62.0
 53 1988.311775 6.189E-27 2.844E+01.05100.054 2853.32350.67-.002832              2              1                    P 20      47566310 8 5 5 1 8    39.0   41.0
 53 1988.490234 1.815E-30 4.305E+01.05530.059 4536.45490.72-.002787              3              2                    P 14      47566310 8 5 5 1 8    27.0   29.0
 51 1988.914217 2.486E-23 1.449E+01.04220.045 2412.68010.67-.002809              1              0                    P 35      47562310 8 5 5 1 8    69.0   71.0
 54 1989.831919 2.031E-25 1.434E+01.04480.047 1737.76020.67-.002813              1              0                    P 30      47562310 8 5 5 1 8   354.0  366.0
 52 1990.252456 4.593E-23 1.423E+01.04710.050 1287.50160.67-.002822              1              0                    P 26      47562310 8 5 5 1 8   102.0  106.0
 51 1990.453682 2.636E-29 4.365E+01.04830.051 5390.37470.67-.002827              3              2                    P 24      47566310 8 5 5 1 8    47.0   49.0
 56 1991.074877 1.720E-25 1.413E+01.05100.054  750.61220.67-.002832              1              0                    P 20      47566310 8 5 5 1 8   468.0  492.0
 55 1991.100780 7.243E-28 2.899E+01.06060.066 2168.31630.75-.002514              2              1                    P  8      47566310 8 5 5 1 8    30.0   34.0
 53 1991.160374 1.273E-23 1.423E+01.04770.051 1187.79360.67-.002824              1              0                    P 25      47562310 8 5 5 1 8    49.0   51.0
 56 1991.342170 6.505E-29 2.854E+01.05530.059 2440.69210.72-.002787              2              1                    P 14      47566310 8 5 5 1 8   324.0  348.0
 52 1991.850812 3.379E-26 2.865E+01.05100.054 2860.15840.67-.002832              2              1                    P 20      47566310 8 5 5 1 8    78.0   82.0
 52 1992.036416 9.794E-30 4.336E+01.05530.059 4545.67630.72-.002787              3              2                    P 14      47566310 8 5 5 1 8    54.0   58.0
 55 1992.090732 4.039E-24 1.413E+01.05530.059  366.52310.72-.002787              1              0                    P 14      47566310 8 5 5 1 8    54.0   58.0
 54 1992.367392 2.315E-28 2.885E+01.04830.051 3228.47510.67-.002827              2              1                    P 24      47562310 8 5 5 1 8   282.0  294.0
 53 1992.497828 2.156E-30 4.343E+01.05610.060 4486.15910.73-.002765              3              2                    P 13      47566310 8 5 5 1 8    25.0   27.0
 53 1992.533917 8.377E-27 2.866E+01.05170.055 2780.91240.67-.002831              2              1                    P 19      47566310 8 5 5 1 8    37.0   39.0
 51 1992.684716 4.948E-26 2.916E+01.04540.048 3796.01490.67-.002815              2              1                    P 29      47562310 8 5 5 1 8    57.0   59.0
 54 1993.469260 1.053E-31 4.354E+01.05240.056 4835.47480.68-.002828              3              2                    P 18      47566310 8 5 5 1 8   210.0  222.0
 51 1993.862221 4.632E-23 1.460E+01.04270.045 2279.15110.67-.002809              1              0                    P 34      47562310 8 5 5 1 8    67.0   69.0
 54 1994.496050 3.388E-25 1.444E+01.04540.048 1625.94970.67-.002815              1              0                    P 29      47562310 8 5 5 1 8   342.0  354.0
 52 1994.702706 7.029E-23 1.434E+01.04770.051 1192.31990.67-.002824              1              0                    P 25      47562310 8 5 5 1 8    98.0  102.0
 55 1994.771954 7.264E-28 2.943E+01.06180.068 2140.62650.75-.002418              2              1                    P  7      47566310 8 5 5 1 8    26.0   30.0
 51 1994.993237 3.926E-29 4.398E+01.04900.052 5300.11170.67-.002829              3              2                    P 23      47566310 8 5 5 1 8    45.0   47.0
 56 1995.226573 2.316E-25 1.424E+01.05170.055  679.20590.67-.002831              1              0                    P 19      47566310 8 5 5 1 8   444.0  468.0
 56 1995.286450 7.702E-29 2.879E+01.05610.060 2391.08710.73-.002765              2              1                    P 13      47566310 8 5 5 1 8   300.0  324.0
 53 1995.563095 1.908E-23 1.434E+01.04830.051 1096.59120.67-.002827              1              0                    P 24      47562310 8 5 5 1 8    47.0   49.0
 55 1995.966370 4.764E-24 1.425E+01.05610.060  317.67910.73-.002765              1              0                    P 13      47566310 8 5 5 1 8    50.0   54.0
 52 1996.059954 1.165E-29 4.374E+01.05610.060 4495.19050.73-.002765              3              2                    P 13      47566310 8 5 5 1 8    50.0   54.0
 52 1996.090106 4.580E-26 2.886E+01.05170.055 2787.47270.67-.002831              2              1                    P 19      47566310 8 5 5 1 8    74.0   78.0
 53 1996.474626 2.502E-30 4.383E+01.05690.062 4439.44820.74-.002736              3              2                    P 12      47566310 8 5 5 1 8    23.0   25.0
 53 1996.726058 1.111E-26 2.888E+01.05240.056 2712.10540.68-.002828              2              1                    P 18      47566310 8 5 5 1 8    35.0   37.0
 54 1996.817829 3.423E-28 2.906E+01.04900.052 3139.65460.67-.002829              2              1                    P 23      47562310 8 5 5 1 8   270.0  282.0
 51 1997.415298 8.167E-26 2.938E+01.04600.049 3686.11980.67-.002817              2              1                    P 28      47562310 8 5 5 1 8    55.0   57.0
 54 1997.701018 1.374E-31 4.389E+01.05310.057 4769.36030.69-.002822              3              2                    P 17      47566310 8 5 5 1 8   198.0  210.0
 55 1998.413682 7.018E-28 2.998E+01.06320.069 2116.39580.74-.002298              2              1                    P  6      47566310 8 5 5 1 8    22.0   26.0
 51 1998.780190 8.466E-23 1.471E+01.04320.046 2149.37990.67-.002809              1              0                    P 33      47562310 8 5 5 1 8    65.0   67.0
 52 1999.123589 1.055E-22 1.444E+01.04830.051 1100.77060.67-.002827              1              0                    P 24      47562310 8 5 5 1 8    94.0   98.0
 54 1999.130530 5.544E-25 1.455E+01.04600.049 1517.82650.67-.002817              1              0                    P 28      47562310 8 5 5 1 8   330.0  342.0
 56 1999.200960 8.911E-29 2.906E+01.05690.062 2345.01790.74-.002736              2              1                    P 12      47566310 8 5 5 1 8   276.0  300.0
 56 1999.349259 3.058E-25 1.434E+01.05240.056  611.35410.68-.002828              1              0                    P 18      47566310 8 5 5 1 8   420.0  444.0
 51 1999.501160 5.730E-29 4.431E+01.04960.053 5213.58320.67-.002831              3              2                    P 22      47566310 8 5 5 1 8    43.0   45.0
 55 1999.813286 5.494E-24 1.438E+01.05690.062  272.31680.74-.002736              1              0                    P 12      47566310 8 5 5 1 8    46.0   50.0
 53 1999.936478 2.804E-23 1.444E+01.04900.052 1009.01080.67-.002829              1              0                    P 23      47562310 8 5 5 1 8    45.0   47.0
