 55 8003.690936 7.650E-31 2.430E-05.06180.068   97.78300.75-.008596              4              0                    P  7      4756631011 5 5 1 8    26.0   30.0
 55 8007.908250 7.637E-31 2.549E-05.06320.069   73.34020.74-.008311              4              0                    P  6      4756631011 5 5 1 8    22.0   26.0
 55 8012.005113 7.285E-31 2.687E-05.06510.071   52.38770.74-.007975              4              0                    P  5      4756631011 5 5 1 8    18.0   22.0
 55 8015.981406 6.559E-31 2.859E-05.06770.074   34.92610.74-.007571              4              0                    P  4      4756631011 5 5 1 8    14.0   18.0
 55 8019.837006 5.441E-31 3.106E-05.07120.077   20.95620.74-.007077              4              0                    P  3      4756631011 5 5 1 8    10.0   14.0
 55 8023.571792 3.943E-31 3.569E-05.07570.081   10.47830.75-.006461              4              0                    P  2      4756631011 5 5 1 8     6.0   10.0
 55 8027.185644 2.107E-31 5.535E-05.08030.087    3.49280.76-.005676              4              0                    P  1      4756631011 5 5 1 8     2.0    6.0
 55 8034.050060 2.285E-31 1.971E-05.08030.087    0.00000.76-.006635              4              0                    R  0      4756631011 5 5 1 8     6.0    2.0
 55 8037.300381 4.638E-31 2.443E-05.07570.081    3.49280.75-.006951              4              0                    R  1      4756631011 5 5 1 8    10.0    6.0
 55 8040.429283 6.941E-31 2.704E-05.07120.077   10.47830.74-.007193              4              0                    R  2      4756631011 5 5 1 8    14.0   10.0
 55 8043.436644 9.077E-31 2.895E-05.06770.074   20.95620.74-.007390              4              0                    R  3      4756631011 5 5 1 8    18.0   14.0
 55 8046.322344 1.094E-30 3.057E-05.06510.071   34.92610.74-.007563              4              0                    R  4      4756631011 5 5 1 8    22.0   18.0
 55 8049.086261 1.243E-30 3.204E-05.06320.069   52.38770.74-.007723              4              0                    R  5      4756631011 5 5 1 8    26.0   22.0
 52 8050.825970 1.065E-31 1.016E-05.04380.046 1934.66690.67-.011515              4              0                    P 32      4756631011 5 5 1 8   126.0  130.0
 55 8051.728275 1.351E-30 3.343E-05.06180.068   73.34020.75-.007877              4              0                    R  6      4756631011 5 5 1 8    30.0   26.0
 55 8054.248264 1.414E-30 3.478E-05.06060.066   97.78300.75-.008031              4              0                    R  7      4756631011 5 5 1 8    34.0   30.0
 55 8056.646107 1.432E-30 3.611E-05.05950.065  125.71520.75-.008186              4              0                    R  8      4756631011 5 5 1 8    38.0   34.0
 52 8058.491912 1.901E-31 1.063E-05.04430.047 1817.76880.67-.011440              4              0                    P 31      4756631011 5 5 1 8   122.0  126.0
 55 8058.921684 1.407E-30 3.744E-05.05860.064  157.13580.75-.008343              4              0                    R  9      4756631011 5 5 1 8    42.0   38.0
 53 8058.942949 1.038E-31 1.148E-05.04540.048 1588.75510.67-.011286              4              0                    P 29      4756631011 5 5 1 8    57.0   59.0
 55 8061.074873 1.346E-30 3.877E-05.05770.063  192.04380.75-.008502              4              0                    R 10      4756631011 5 5 1 8    46.0   42.0
 55 8063.105553 1.256E-30 4.011E-05.05690.062  230.43790.74-.008663              4              0                    R 11      4756631011 5 5 1 8    50.0   46.0
 55 8065.013605 1.143E-30 4.147E-05.05610.060  272.31680.73-.008826              4              0                    R 12      4756631011 5 5 1 8    54.0   50.0
 52 8066.031138 3.328E-31 1.111E-05.04480.047 1704.48020.67-.011364              4              0                    P 30      4756631011 5 5 1 8   118.0  122.0
 53 8066.193851 1.746E-31 1.199E-05.04600.049 1483.09910.67-.011208              4              0                    P 28      4756631011 5 5 1 8    55.0   57.0
 55 8066.798906 1.017E-30 4.285E-05.05530.059  317.67910.72-.008991              4              0                    R 13      4756631011 5 5 1 8    58.0   54.0
 55 8068.461336 8.852E-31 4.425E-05.05450.059  366.52310.71-.009156              4              0                    R 14      4756631011 5 5 1 8    62.0   58.0
 55 8070.000774 7.539E-31 4.567E-05.05380.058  418.84720.70-.009321              4              0                    R 15      4756631011 5 5 1 8    66.0   62.0
 55 8071.417099 6.287E-31 4.711E-05.05310.057  474.64960.69-.009485              4              0                    R 16      4756631011 5 5 1 8    70.0   66.0
 55 8072.710191 5.136E-31 4.859E-05.05240.056  533.92830.68-.009649              4              0                    R 17      4756631011 5 5 1 8    74.0   70.0
 53 8073.318361 2.880E-31 1.252E-05.04650.049 1381.05110.67-.011127              4              0                    P 27      4756631011 5 5 1 8    53.0   55.0
 52 8073.443517 5.718E-31 1.162E-05.04540.048 1594.80530.67-.011286              4              0                    P 29      4756631011 5 5 1 8   114.0  118.0
 55 8073.879929 4.114E-31 5.009E-05.05170.055  596.68130.67-.009811              4              0                    R 18      4756631011 5 5 1 8    78.0   74.0
 55 8074.926192 3.229E-31 5.163E-05.05100.054  662.90630.67-.009972              4              0                    R 19      4756631011 5 5 1 8    82.0   78.0
 55 8075.848860 2.487E-31 5.319E-05.05030.053  732.60120.67-.010130              4              0                    R 20      4756631011 5 5 1 8    86.0   82.0
 55 8076.647811 1.877E-31 5.479E-05.04960.053  805.76340.67-.010286              4              0                    R 21      4756631011 5 5 1 8    90.0   86.0
 55 8077.322925 1.391E-31 5.642E-05.04900.052  882.39040.67-.010440              4              0                    R 22      4756631011 5 5 1 8    94.0   90.0
 55 8077.874082 1.011E-31 5.808E-05.04830.051  962.47970.67-.010591              4              0                    R 23      4756631011 5 5 1 8    98.0   94.0
 56 8079.922330 1.084E-31 2.235E-05.05770.063  236.10810.75-.009419              4              0                    P 11      4756631011 5 5 1 8   252.0  276.0
 53 8080.316348 4.663E-31 1.308E-05.04710.050 1282.61470.67-.011046              4              0                    P 26      4756631011 5 5 1 8    51.0   53.0
 52 8080.728917 9.636E-31 1.214E-05.04600.049 1488.74790.67-.011208              4              0                    P 28      4756631011 5 5 1 8   110.0  114.0
 56 8084.750994 1.236E-31 2.328E-05.05860.064  196.76960.75-.009248              4              0                    P 10      4756631011 5 5 1 8   228.0  252.0
 53 8087.187682 7.399E-31 1.365E-05.04770.051 1187.79360.67-.010962              4              0                    P 25      4756631011 5 5 1 8    49.0   51.0
 52 8087.887206 1.593E-30 1.268E-05.04650.049 1386.31210.67-.011127              4              0                    P 27      4756631011 5 5 1 8   106.0  110.0
 56 8089.455241 1.370E-31 2.427E-05.05950.065  161.00280.75-.009057              4              0                    P  9      4756631011 5 5 1 8   204.0  228.0
 53 8093.932230 1.152E-30 1.424E-05.04830.051 1096.59120.67-.010877              4              0                    P 24      4756631011 5 5 1 8    47.0   49.0
 56 8094.034945 1.475E-31 2.534E-05.06060.066  128.80910.75-.008842              4              0                    P  8      4756631011 5 5 1 8   180.0  204.0
 52 8094.918253 2.582E-30 1.324E-05.04710.050 1287.50160.67-.011046              4              0                    P 26      4756631011 5 5 1 8   102.0  106.0
 56 8098.489978 1.535E-31 2.650E-05.06180.068  100.18960.75-.008596              4              0                    P  7      4756631011 5 5 1 8   156.0  180.0
 53 8100.549861 1.757E-30 1.485E-05.04900.052 1009.01080.67-.010790              4              0                    P 23      4756631011 5 5 1 8    45.0   47.0
 52 8101.821924 4.106E-30 1.382E-05.04770.051 1192.31990.67-.010962              4              0                    P 25      4756631011 5 5 1 8    98.0  102.0
 56 8102.820213 1.537E-31 2.780E-05.06320.069   75.14530.74-.008311              4              0                    P  6      4756631011 5 5 1 8   132.0  156.0
 56 8107.025522 1.470E-31 2.932E-05.06510.071   53.67720.74-.007975              4              0                    P  5      4756631011 5 5 1 8   108.0  132.0
 53 8107.040443 2.629E-30 1.548E-05.04960.053  925.05570.67-.010701              4              0                    P 22      4756631011 5 5 1 8    43.0   45.0
 52 8108.598088 6.403E-30 1.442E-05.04830.051 1100.77060.67-.010877              4              0                    P 24      4756631011 5 5 1 8    94.0   98.0
 56 8111.105779 1.327E-31 3.122E-05.06770.074   35.78580.74-.007571              4              0                    P  4      4756631011 5 5 1 8    84.0  108.0
 53 8113.403844 3.854E-30 1.614E-05.05030.053  844.72880.67-.010609              4              0                    P 21      4756631011 5 5 1 8    41.0   43.0
 56 8115.060856 1.103E-31 3.392E-05.07120.077   21.47200.74-.007077              4              0                    P  3      4756631011 5 5 1 8    60.0   84.0
 52 8115.246612 9.787E-30 1.504E-05.04900.052 1012.85700.67-.010790              4              0                    P 23      4756631011 5 5 1 8    90.0   94.0
 53 8119.639933 5.539E-30 1.681E-05.05100.054  768.03310.67-.010514              4              0                    P 20      4756631011 5 5 1 8    39.0   41.0
 52 8121.767363 1.466E-29 1.568E-05.04960.053  928.58230.67-.010701              4              0                    P 22      4756631011 5 5 1 8    86.0   90.0
 53 8125.748575 7.796E-30 1.752E-05.05170.055  694.97140.67-.010415              4              0                    P 19      4756631011 5 5 1 8    37.0   39.0
 52 8128.160208 2.154E-29 1.634E-05.05030.053  847.94970.67-.010609              4              0                    P 21      4756631011 5 5 1 8    82.0   86.0
 53 8131.729641 1.075E-29 1.825E-05.05240.056  625.54640.68-.010313              4              0                    P 18      4756631011 5 5 1 8    35.0   37.0
 52 8134.425014 3.099E-29 1.703E-05.05100.054  770.96190.67-.010514              4              0                    P 20      4756631011 5 5 1 8    78.0   82.0
 56 8136.155416 1.411E-31 2.959E-05.07120.077   10.73620.74-.007193              4              0                    R  2      4756631011 5 5 1 8    84.0   60.0
 53 8137.582996 1.451E-29 1.900E-05.05310.057  559.76050.69-.010207              4              0                    P 17      4756631011 5 5 1 8    33.0   35.0
 56 8139.230671 1.844E-31 3.169E-05.06770.074   21.47200.74-.007390              4              0                    R  3      4756631011 5 5 1 8   108.0   84.0
 52 8140.561647 4.368E-29 1.774E-05.05170.055  697.62190.67-.010415              4              0                    P 19      4756631011 5 5 1 8    74.0   78.0
 56 8142.179729 2.219E-31 3.347E-05.06510.071   35.78580.74-.007563              4              0                    R  4      4756631011 5 5 1 8   132.0  108.0
 53 8143.308508 1.917E-29 1.978E-05.05380.058  497.61620.70-.010095              4              0                    P 16      4756631011 5 5 1 8    31.0   33.0
 56 8145.002463 2.518E-31 3.509E-05.06320.069   53.67720.74-.007723              4              0                    R  5      4756631011 5 5 1 8   156.0  132.0
 52 8145.006407 1.179E-31 1.964E-04.06770.074 2117.92550.74-.007390              5              1                    R  3      4756631011 5 5 1 8    18.0   14.0
 52 8146.569975 6.031E-29 1.848E-05.05240.056  627.93240.68-.010313              4              0                    P 18      4756631011 5 5 1 8    70.0   74.0
 56 8147.698745 2.731E-31 3.663E-05.06180.068   75.14530.75-.007877              4              0                    R  6      4756631011 5 5 1 8   180.0  156.0
 52 8147.994059 1.415E-31 2.071E-04.06510.071 2132.49690.74-.007563              5              1                    R  4      4756631011 5 5 1 8    22.0   18.0
 53 8148.906045 2.477E-29 2.060E-05.05450.059  439.11570.71-.009978              4              0                    P 15      4756631011 5 5 1 8    29.0   31.0
 56 8150.268448 2.850E-31 3.812E-05.06060.066  100.18960.75-.008031              4              0                    R  7      4756631011 5 5 1 8   204.0  180.0
 52 8150.850197 1.602E-31 2.168E-04.06320.069 2150.71030.74-.007723              5              1                    R  5      4756631011 5 5 1 8    26.0   22.0
 52 8152.449863 8.151E-29 1.925E-05.05310.057  561.89580.69-.010207              4              0                    P 17      4756631011 5 5 1 8    66.0   70.0
 56 8152.711445 2.877E-31 3.959E-05.05950.065  128.80910.75-.008186              4              0                    R  8      4756631011 5 5 1 8   228.0  204.0
 52 8153.574688 1.730E-31 2.259E-04.06180.068 2172.56480.75-.007877              5              1                    R  6      4756631011 5 5 1 8    30.0   26.0
 53 8154.375474 3.132E-29 2.144E-05.05530.059  384.26120.72-.009853              4              0                    P 14      4756631011 5 5 1 8    27.0   29.0
 56 8155.027609 2.818E-31 4.106E-05.05860.064  161.00280.75-.008343              4              0                    R  9      4756631011 5 5 1 8   252.0  228.0
 52 8156.167396 1.799E-31 2.348E-04.06060.066 2198.05970.75-.008031              5              1                    R  7      4756631011 5 5 1 8    34.0   30.0
 56 8157.216814 2.686E-31 4.253E-05.05770.063  196.76960.75-.008502              4              0                    R 10      4756631011 5 5 1 8   276.0  252.0
 52 8158.201179 1.078E-28 2.004E-05.05380.058  499.51460.70-.010095              4              0                    P 16      4756631011 5 5 1 8    62.0   66.0
 52 8158.628189 1.809E-31 2.435E-04.05950.065 2227.19410.75-.008186              5              1                    R  8      4756631011 5 5 1 8    38.0   34.0
 56 8159.278932 2.494E-31 4.402E-05.05690.062  236.10810.74-.008663              4              0                    R 11      4756631011 5 5 1 8   300.0  276.0
 53 8159.716661 3.867E-29 2.233E-05.05610.060  333.05470.73-.009719              4              0                    P 13      4756631011 5 5 1 8    25.0   27.0
 52 8160.956931 1.765E-31 2.521E-04.05860.064 2259.96680.75-.008343              5              1                    R  9      4756631011 5 5 1 8    42.0   38.0
 56 8161.213836 2.260E-31 4.552E-05.05610.060  279.01700.73-.008826              4              0                    R 12      4756631011 5 5 1 8   324.0  300.0
 56 8163.021399 2.000E-31 4.704E-05.05530.059  325.49480.72-.008991              4              0                    R 13      4756631011 5 5 1 8   348.0  324.0
 52 8163.153488 1.674E-31 2.608E-04.05770.063 2296.37670.75-.008502              5              1                    R 10      4756631011 5 5 1 8    46.0   42.0
 52 8163.823788 1.395E-28 2.087E-05.05450.059  440.79120.71-.009978              4              0                    P 15      4756631011 5 5 1 8    58.0   62.0
 56 8164.701495 1.731E-31 4.859E-05.05450.059  375.53980.71-.009156              4              0                    R 14      4756631011 5 5 1 8   372.0  348.0
 53 8164.929474 4.663E-29 2.325E-05.05690.062  285.49790.74-.009576              4              0                    P 12      4756631011 5 5 1 8    23.0   25.0
 52 8165.217726 1.547E-31 2.696E-04.05690.062 2336.42240.74-.008663              5              1                    R 11      4756631011 5 5 1 8    50.0   46.0
 56 8166.253996 1.466E-31 5.017E-05.05380.058  429.15010.70-.009321              4              0                    R 15      4756631011 5 5 1 8   396.0  372.0
 52 8167.149511 1.395E-31 2.784E-04.05610.060 2380.10250.73-.008826              5              1                    R 12      4756631011 5 5 1 8    54.0   50.0
 56 8167.678776 1.214E-31 5.177E-05.05310.057  486.32410.69-.009485              4              0                    R 16      4756631011 5 5 1 8   420.0  396.0
 52 8168.948708 1.228E-31 2.873E-04.05530.059 2427.41530.72-.008991              5              1                    R 13      4756631011 5 5 1 8    58.0   54.0
 52 8169.317556 1.766E-28 2.173E-05.05530.059  385.72750.72-.009853              4              0                    P 14      4756631011 5 5 1 8    54.0   58.0
 53 8170.013780 5.482E-29 2.422E-05.05770.063  241.59270.75-.009419              4              0                    P 11      4756631011 5 5 1 8    21.0   23.0
 52 8170.615184 1.057E-31 2.964E-04.05450.059 2478.35910.71-.009156              5              1                    R 14      4756631011 5 5 1 8    62.0   58.0
 51 8171.272244 1.237E-31 8.751E-06.04080.043 2835.76270.67-.011942              4              0                    P 38      4756231011 5 5 1 8    75.0   77.0
 52 8174.682350 2.182E-28 2.263E-05.05610.060  334.32560.73-.009719              4              0                    P 13      4756631011 5 5 1 8    50.0   54.0
 53 8174.969446 6.279E-29 2.524E-05.05860.064  201.34070.75-.009248              4              0                    P 10      4756631011 5 5 1 8    19.0   21.0
 54 8176.818036 1.297E-31 1.471E-05.04770.051 1215.62040.67-.010962              4              0                    P 25      4756631011 5 5 1 8   294.0  306.0
 51 8179.208911 1.022E-31 1.022E-04.04830.051 3284.08460.67-.010877              5              1                    P 24      4756631011 5 5 1 8    47.0   49.0
 53 8179.796339 6.993E-29 2.633E-05.05950.065  164.74330.75-.009057              4              0                    P  9      4756631011 5 5 1 8    17.0   19.0
 52 8179.918035 2.633E-28 2.356E-05.05690.062  286.58750.74-.009576              4              0                    P 12      4756631011 5 5 1 8    46.0   50.0
 51 8180.194742 2.550E-31 9.194E-06.04130.044 2690.99130.67-.011873              4              0                    P 37      4756231011 5 5 1 8    73.0   75.0
 54 8183.757497 2.041E-31 1.536E-05.04830.051 1122.28540.67-.010877              4              0                    P 24      4756631011 5 5 1 8   282.0  294.0
 53 8184.494325 7.553E-29 2.749E-05.06060.066  131.80180.75-.008842              4              0                    P  8      4756631011 5 5 1 8    15.0   17.0
 52 8185.024478 3.099E-28 2.455E-05.05770.063  242.51480.75-.009419              4              0                    P 11      4756631011 5 5 1 8    42.0   46.0
 51 8186.198404 1.580E-31 1.062E-04.04900.052 3192.98150.67-.010790              5              1                    P 23      4756631011 5 5 1 8    45.0   47.0
 51 8188.982610 5.159E-31 9.653E-06.04170.044 2549.96200.67-.011803              4              0                    P 36      4756231011 5 5 1 8    71.0   73.0
 53 8189.063271 7.887E-29 2.877E-05.06180.068  102.51750.75-.008596              4              0                    P  7      4756631011 5 5 1 8    13.0   15.0
 52 8190.001545 3.552E-28 2.558E-05.05860.064  202.10920.75-.009248              4              0                    P 10      4756631011 5 5 1 8    38.0   42.0
 54 8190.565574 3.147E-31 1.603E-05.04900.052 1032.65650.67-.010790              4              0                    P 23      4756631011 5 5 1 8   270.0  282.0
 51 8193.051262 2.396E-31 1.104E-04.04960.053 3105.64790.67-.010701              5              1                    P 22      4756631011 5 5 1 8    43.0   45.0
 53 8193.503045 7.925E-29 3.019E-05.06320.069   76.89140.74-.008311              4              0                    P  6      4756631011 5 5 1 8    11.0   13.0
 52 8194.849101 3.959E-28 2.668E-05.05950.065  165.37220.75-.009057              4              0                    P  9      4756631011 5 5 1 8    34.0   38.0
 54 8197.242128 4.757E-31 1.672E-05.04960.053  946.73700.67-.010701              4              0                    P 22      4756631011 5 5 1 8   258.0  270.0
 51 8197.635709 1.023E-30 1.013E-05.04220.045 2412.68010.67-.011733              4              0                    P 35      4756231011 5 5 1 8    69.0   71.0
 53 8197.813513 7.602E-29 3.185E-05.06510.071   54.92440.74-.007975              4              0                    P  5      4756631011 5 5 1 8     9.0   11.0
 52 8199.567013 4.279E-28 2.787E-05.06060.066  132.30500.75-.008842              4              0                    P  8      4756631011 5 5 1 8    30.0   34.0
 51 8199.767342 3.557E-31 1.147E-04.05030.053 3022.08730.67-.010609              5              1                    P 21      4756631011 5 5 1 8    41.0   43.0
 53 8201.994541 6.876E-29 3.392E-05.06770.074   36.61740.74-.007571              4              0                    P  4      4756631011 5 5 1 8     7.0    9.0
 54 8203.787021 7.041E-31 1.743E-05.05030.053  864.53010.67-.010609              4              0                    P 21      4756631011 5 5 1 8   246.0  258.0
 52 8204.155145 4.471E-28 2.916E-05.06180.068  102.90890.75-.008596              4              0                    P  7      4756631011 5 5 1 8    26.0   30.0
 53 8206.045997 5.727E-29 3.686E-05.07120.077   21.97100.74-.007077              4              0                    P  3      4756631011 5 5 1 8     5.0    7.0
 51 8206.153896 1.990E-30 1.063E-05.04270.045 2279.15110.67-.011661              4              0                    P 34      4756231011 5 5 1 8    67.0   69.0
 51 8206.346497 5.172E-31 1.192E-04.05100.054 2942.30280.67-.010514              5              1                    P 20      4756631011 5 5 1 8    39.0   41.0
 52 8208.613365 4.496E-28 3.060E-05.06320.069   77.18500.74-.008311              4              0                    P  6      4756631011 5 5 1 8    22.0   26.0
 53 8209.967748 4.164E-29 4.239E-05.07570.081   10.98570.75-.006461              4              0                    P  2      4756631011 5 5 1 8     3.0    5.0
 54 8210.200116 1.021E-30 1.817E-05.05100.054  786.03900.67-.010514              4              0                    P 20      4756631011 5 5 1 8   234.0  246.0
 51 8212.788583 7.365E-31 1.238E-04.05170.055 2866.29750.67-.010415              5              1                    P 19      4756631011 5 5 1 8    37.0   39.0
 52 8212.941537 4.315E-28 3.228E-05.06510.071   55.13410.74-.007975              4              0                    P  5      4756631011 5 5 1 8    18.0   22.0
 53 8213.759659 2.229E-29 6.578E-05.08030.087    3.66190.76-.005676              4              0                    P  1      4756631011 5 5 1 8     1.0    3.0
 51 8214.537028 3.795E-30 1.114E-05.04320.046 2149.37990.67-.011588              4              0                    P 33      4756231011 5 5 1 8    65.0   67.0
 54 8216.481273 1.449E-30 1.894E-05.05170.055  711.26650.67-.010415              4              0                    P 19      4756631011 5 5 1 8   222.0  234.0
 52 8217.139527 3.904E-28 3.439E-05.06770.074   36.75720.74-.007571              4              0                    P  4      4756631011 5 5 1 8    14.0   18.0
 51 8219.093455 1.026E-30 1.286E-04.05240.056 2794.07440.68-.010313              5              1                    P 18      4756631011 5 5 1 8    35.0   37.0
 53 8220.953432 2.423E-29 2.345E-05.08030.087    0.00000.76-.006635              4              0                    R  0      4756631011 5 5 1 8     3.0    1.0
 52 8221.207202 3.252E-28 3.738E-05.07120.077   22.05490.74-.007077              4              0                    P  3      4756631011 5 5 1 8    10.0   14.0
 54 8222.630353 2.015E-30 1.973E-05.05240.056  640.21530.68-.010313              4              0                    P 18      4756631011 5 5 1 8   210.0  222.0
 51 8222.784964 7.097E-30 1.167E-05.04380.046 2023.37150.67-.011515              4              0                    P 32      4756231011 5 5 1 8    63.0   65.0
 53 8224.355027 4.918E-29 2.909E-05.07570.081    3.66190.75-.006951              4              0                    R  1      4756631011 5 5 1 8     5.0    3.0
 52 8225.144427 2.365E-28 4.298E-05.07570.081   11.02760.75-.006461              4              0                    P  2      4756631011 5 5 1 8     6.0   10.0
 51 8225.260966 1.400E-30 1.335E-04.05310.057 2725.63610.69-.010207              5              1                    P 17      4756631011 5 5 1 8    33.0   35.0
 53 8227.626251 7.353E-29 3.222E-05.07120.077   10.98570.74-.007193              4              0                    R  2      4756631011 5 5 1 8     7.0    5.0
 54 8228.647219 2.741E-30 2.056E-05.05310.057  572.88830.69-.010207              4              0                    P 17      4756631011 5 5 1 8   198.0  210.0
 52 8228.951067 1.267E-28 6.670E-05.08030.087    3.67590.76-.005676              4              0                    P  1      4756631011 5 5 1 8     2.0    6.0
 53 8230.766969 9.596E-29 3.452E-05.06770.074   21.97100.74-.007390              4              0                    R  3      4756631011 5 5 1 8     9.0    7.0
 51 8230.897561 1.301E-29 1.222E-05.04430.047 1901.13080.67-.011440              4              0                    P 31      4756231011 5 5 1 8    61.0   63.0
 51 8231.290973 1.867E-30 1.387E-04.05380.058 2660.98550.70-.010095              5              1                    P 16      4756631011 5 5 1 8    31.0   33.0
 53 8233.777050 1.153E-28 3.647E-05.06510.071   36.61740.74-.007563              4              0                    R  4      4756631011 5 5 1 8    11.0    9.0
 54 8234.531731 3.649E-30 2.142E-05.05380.058  509.28780.70-.010095              4              0                    P 16      4756631011 5 5 1 8   186.0  198.0
 52 8236.172057 1.378E-28 2.378E-05.08030.087    0.00000.76-.006635              4              0                    R  0      4756631011 5 5 1 8     6.0    2.0
 53 8236.656359 1.306E-28 3.825E-05.06320.069   54.92440.74-.007723              4              0                    R  5      4756631011 5 5 1 8    13.0   11.0
 51 8237.183328 2.434E-30 1.440E-04.05450.059 2600.12490.71-.009978              5              1                    P 15      4756631011 5 5 1 8    29.0   31.0
 51 8238.874675 2.339E-29 1.280E-05.04480.047 1782.66240.67-.011364              4              0                    P 30      4856231011 5 5 1 8    59.0   61.0
 53 8239.404764 1.414E-28 3.993E-05.06180.068   76.89140.75-.007877              4              0                    R  6      4756631011 5 5 1 8    15.0   13.0
 52 8239.586138 2.795E-28 2.950E-05.07570.081    3.67590.75-.006951              4              0                    R  1      4756631011 5 5 1 8    10.0    6.0
 54 8240.283749 4.749E-30 2.231E-05.05450.059  449.41620.71-.009978              4              0                    P 15      4756631011 5 5 1 8   174.0  186.0
 53 8242.022131 1.472E-28 4.157E-05.06060.066  102.51750.75-.008031              4              0                    R  7      4756631011 5 5 1 8    17.0   15.0
 52 8242.869099 4.177E-28 3.267E-05.07120.077   11.02760.74-.007193              4              0                    R  2      4756631011 5 5 1 8    14.0   10.0
 51 8242.937886 3.102E-30 1.495E-04.05530.059 2543.05670.72-.009853              5              1                    P 14      4756631011 5 5 1 8    27.0   29.0
 53 8244.508328 1.481E-28 4.319E-05.05950.065  131.80180.75-.008186              4              0                    R  8      4756631011 5 5 1 8    19.0   17.0
 54 8245.903136 6.044E-30 2.323E-05.05530.059  393.27580.72-.009853              4              0                    P 14      4756631011 5 5 1 8   162.0  174.0
 52 8246.020803 5.451E-28 3.501E-05.06770.074   22.05490.74-.007390              4              0                    R  3      4756631011 5 5 1 8    18.0   14.0
 51 8246.716163 4.122E-29 1.339E-05.04540.048 1667.97090.67-.011286              4              0                    P 29      4856231011 5 5 1 8    57.0   59.0
 53 8246.863222 1.446E-28 4.480E-05.05860.064  164.74330.75-.008343              4              0                    R  9      4756631011 5 5 1 8    21.0   19.0
 51 8248.554501 3.859E-30 1.553E-04.05610.060 2489.78310.73-.009719              5              1                    P 13      4756631011 5 5 1 8    25.0   27.0
 52 8249.041118 6.549E-28 3.700E-05.06510.071   36.75720.74-.007563              4              0                    R  4      4756631011 5 5 1 8    22.0   18.0
 53 8249.086679 1.373E-28 4.642E-05.05770.063  201.34070.75-.008502              4              0                    R 10      4756631011 5 5 1 8    23.0   21.0
 53 8251.178568 1.270E-28 4.806E-05.05690.062  241.59270.74-.008663              4              0                    R 11      4756631011 5 5 1 8    25.0   23.0
 54 8251.389752 7.508E-30 2.420E-05.05610.060  340.86860.73-.009719              4              0                    P 13      4756631011 5 5 1 8   150.0  162.0
 52 8251.929910 7.418E-28 3.880E-05.06320.069   55.13410.74-.007723              4              0                    R  5      4756631011 5 5 1 8    26.0   22.0
 53 8253.138753 1.145E-28 4.971E-05.05610.060  285.49790.73-.008826              4              0                    R 12      4756631011 5 5 1 8    27.0   25.0
 51 8254.033026 4.685E-30 1.614E-04.05690.062 2440.30620.74-.009576              5              1                    P 12      4756631011 5 5 1 8    23.0   25.0
 51 8254.421881 7.118E-29 1.401E-05.04600.049 1557.06070.67-.011208              4              0                    P 28      4856231011 5 5 1 8    55.0   57.0
 52 8254.687043 8.023E-28 4.051E-05.06180.068   77.18500.75-.007877              4              0                    R  6      4756631011 5 5 1 8    30.0   26.0
 53 8254.967104 1.009E-28 5.139E-05.05530.059  333.05470.72-.008991              4              0                    R 13      4756631011 5 5 1 8    29.0   27.0
 53 8256.663487 8.682E-29 5.309E-05.05450.059  384.26120.71-.009156              4              0                    R 14      4756631011 5 5 1 8    31.0   29.0
 54 8256.743457 9.105E-30 2.521E-05.05690.062  292.19670.74-.009576              4              0                    P 12      4756631011 5 5 1 8   138.0  150.0
 52 8257.312384 8.349E-28 4.217E-05.06060.066  102.90890.75-.008031              4              0                    R  7      4756631011 5 5 1 8    34.0   30.0
 53 8258.227769 7.308E-29 5.483E-05.05380.058  439.11570.70-.009321              4              0                    R 15      4756631011 5 5 1 8    33.0   31.0
 51 8259.373316 5.544E-30 1.677E-04.05770.063 2394.62790.75-.009419              5              1                    P 11      4756631011 5 5 1 8    21.0   23.0
 53 8259.659817 6.018E-29 5.660E-05.05310.057  497.61620.69-.009485              4              0                    R 16      4756631011 5 5 1 8    35.0   33.0
 52 8259.805800 8.399E-28 4.382E-05.05950.065  132.30500.75-.008186              4              0                    R  8      4756631011 5 5 1 8    38.0   34.0
 53 8260.959499 4.853E-29 5.840E-05.05240.056  559.76050.68-.009649              4              0                    R 17      4756631011 5 5 1 8    37.0   35.0
 54 8261.964113 1.076E-29 2.627E-05.05770.063  247.26180.75-.009419              4              0                    P 11      4756631011 5 5 1 8   126.0  138.0
 51 8261.991686 1.205E-28 1.464E-05.04650.049 1449.93600.67-.011127              4              0                    P 27      4856231011 5 5 1 8    53.0   55.0
 53 8262.126681 3.830E-29 6.024E-05.05170.055  625.54640.67-.009811              4              0                    R 18      4756631011 5 5 1 8    39.0   37.0
 52 8262.167155 8.195E-28 4.546E-05.05860.064  165.37220.75-.008343              4              0                    R  9      4756631011 5 5 1 8    42.0   38.0
 53 8263.161232 2.961E-29 6.212E-05.05100.054  694.97140.67-.009972              4              0                    R 19      4756631011 5 5 1 8    41.0   39.0
 53 8263.644253 1.042E-31 9.300E-05.04270.045 2047.37960.67-.011944              4              0                    R 33      4756631011 5 5 1 8    69.0   67.0
 53 8264.063018 2.245E-29 6.403E-05.05030.053  768.03310.67-.010130              4              0                    R 20      4756631011 5 5 1 8    43.0   41.0
 52 8264.396316 7.775E-28 4.710E-05.05770.063  202.10920.75-.008502              4              0                    R 10      4756631011 5 5 1 8    46.0   42.0
 53 8264.480489 1.764E-31 9.048E-05.04320.046 1927.33160.67-.011822              4              0                    R 32      4756631011 5 5 1 8    67.0   65.0
 51 8264.575225 6.386E-30 1.744E-04.05860.064 2352.74990.75-.009248              5              1                    P 10      4756631011 5 5 1 8    19.0   21.0
 53 8264.831907 1.667E-29 6.599E-05.04960.053  844.72880.67-.010286              4              0                    R 21      4756631011 5 5 1 8    45.0   43.0
 53 8265.182235 2.932E-31 8.800E-05.04380.046 1810.87540.67-.011697              4              0                    R 31      4756631011 5 5 1 8    65.0   63.0
 53 8265.467766 1.214E-29 6.798E-05.04900.052  925.05570.67-.010440              4              0                    R 22      4756631011 5 5 1 8    47.0   45.0
 53 8265.749622 4.783E-31 8.559E-05.04430.047 1698.01520.67-.011569              4              0                    R 30      4756631011 5 5 1 8    63.0   61.0
 53 8265.970462 8.667E-30 7.002E-05.04830.051 1009.01080.67-.010591              4              0                    R 23      4756631011 5 5 1 8    49.0   47.0
 53 8266.182783 7.658E-31 8.322E-05.04480.047 1588.75510.67-.011438              4              0                    R 29      4756631011 5 5 1 8    61.0   59.0
 53 8266.339862 6.067E-30 7.211E-05.04770.051 1096.59120.67-.010739              4              0                    R 24      4756631011 5 5 1 8    51.0   49.0
 53 8266.481852 1.203E-30 8.090E-05.04540.048 1483.09910.67-.011304              4              0                    R 28      4756631011 5 5 1 8    59.0   57.0
 52 8266.493149 7.185E-28 4.876E-05.05690.062  242.51480.74-.008663              4              0                    R 11      4756631011 5 5 1 8    50.0   46.0
 53 8266.575834 4.166E-30 7.424E-05.04710.050 1187.79360.67-.010885              4              0                    R 25      4756631011 5 5 1 8    53.0   51.0
 53 8266.646962 1.855E-30 7.863E-05.04600.049 1381.05110.67-.011167              4              0                    R 27      4756631011 5 5 1 8    57.0   55.0
 53 8266.678245 2.807E-30 7.641E-05.04650.049 1282.61470.67-.011027              4              0                    R 26      4756631011 5 5 1 8    55.0   53.0
 54 8267.051579 1.239E-29 2.739E-05.05860.064  206.06560.75-.009248              4              0                    P 10      4756631011 5 5 1 8   114.0  126.0
 52 8268.457520 6.477E-28 5.044E-05.05610.060  286.58750.73-.008826              4              0                    R 12      4756631011 5 5 1 8    54.0   50.0
 51 8269.425431 1.999E-28 1.530E-05.04710.050 1346.60080.67-.011046              4              0                    P 26      4856231011 5 5 1 8    51.0   53.0
 51 8269.638605 7.148E-30 1.815E-04.05950.065 2314.67390.75-.009057              5              1                    P  9      4756631011 5 5 1 8    17.0   19.0
 52 8270.289296 5.700E-28 5.215E-05.05530.059  334.32560.72-.008991              4              0                    R 13      4756631011 5 5 1 8    58.0   54.0
 52 8271.988341 4.902E-28 5.388E-05.05450.059  385.72750.71-.009156              4              0                    R 14      4756631011 5 5 1 8    62.0   58.0
 54 8272.005717 1.386E-29 2.858E-05.05950.065  168.60960.75-.009057              4              0                    P  9      4756631011 5 5 1 8   102.0  114.0
 52 8273.554523 4.122E-28 5.564E-05.05380.058  440.79120.70-.009321              4              0                    R 15      4756631011 5 5 1 8    66.0   62.0
 51 8274.563310 7.754E-30 1.892E-04.06060.066 2280.40130.75-.008842              5              1                    P  8      4756631011 5 5 1 8    15.0   17.0
 52 8274.987707 3.392E-28 5.744E-05.05310.057  499.51460.69-.009485              4              0                    R 16      4756631011 5 5 1 8    70.0   66.0
 52 8275.515900 1.047E-31 1.025E-04.04130.044 2438.26660.67-.012295              4              0                    R 36      4756631011 5 5 1 8   150.0  146.0
 52 8276.287761 2.731E-28 5.927E-05.05240.056  561.89580.68-.009649              4              0                    R 17      4756631011 5 5 1 8    74.0   70.0
 51 8276.722975 3.249E-28 1.599E-05.04770.051 1247.05920.67-.010962              4              0                    P 25      4856231011 5 5 1 8    49.0   51.0
 52 8276.770765 1.878E-31 9.975E-05.04170.044 2306.97460.67-.012181              4              0                    R 35      4756631011 5 5 1 8   146.0  142.0
 54 8276.826387 1.503E-29 2.985E-05.06060.066  134.89520.75-.008842              4              0                    P  8      4756631011 5 5 1 8    90.0  102.0
 52 8277.454549 2.154E-28 6.114E-05.05170.055  627.93240.67-.009811              4              0                    R 18      4756631011 5 5 1 8    78.0   74.0
 52 8277.889955 3.305E-31 9.707E-05.04220.045 2179.27430.67-.012064              4              0                    R 34      4756631011 5 5 1 8   142.0  138.0
 52 8278.487938 1.664E-28 6.305E-05.05100.054  697.62190.67-.009972              4              0                    R 19      4756631011 5 5 1 8    82.0   78.0
 52 8278.873604 5.711E-31 9.445E-05.04270.045 2055.17020.67-.011944              4              0                    R 33      4756631011 5 5 1 8   138.0  134.0
 51 8279.349194 8.128E-30 1.975E-04.06180.068 2249.93340.75-.008596              5              1                    P  7      4756631011 5 5 1 8    13.0   15.0
 52 8279.387795 1.259E-28 6.500E-05.05030.053  770.96190.67-.010130              4              0                    R 20      4756631011 5 5 1 8    86.0   82.0
 52 8279.721845 9.689E-31 9.188E-05.04320.046 1934.66690.67-.011822              4              0                    R 32      4756631011 5 5 1 8   134.0  130.0
 52 8280.153985 9.336E-29 6.698E-05.04960.053  847.94970.67-.010286              4              0                    R 21      4756631011 5 5 1 8    90.0   86.0
 52 8280.434815 1.614E-30 8.937E-05.04380.046 1817.76880.67-.011697              4              0                    R 31      4756631011 5 5 1 8   130.0  126.0
 52 8280.786376 6.788E-29 6.901E-05.04900.052  928.58230.67-.010440              4              0                    R 22      4756631011 5 5 1 8    94.0   90.0
 52 8281.012645 2.637E-30 8.691E-05.04430.047 1704.48020.67-.011569              4              0                    R 30      4756631011 5 5 1 8   126.0  122.0
 52 8281.284832 4.839E-29 7.109E-05.04830.051 1012.85700.67-.010591              4              0                    R 23      4756631011 5 5 1 8    98.0   94.0
 52 8281.455471 4.231E-30 8.450E-05.04480.047 1594.80530.67-.011438              4              0                    R 29      4756631011 5 5 1 8   122.0  118.0
 54 8281.513449 1.576E-29 3.125E-05.06180.068  104.92370.75-.008596              4              0                    P  7      4756631011 5 5 1 8    78.0   90.0
 52 8281.649222 3.383E-29 7.321E-05.04770.051 1100.77060.67-.010739              4              0                    R 24      4756631011 5 5 1 8   102.0   98.0
 52 8281.763427 6.660E-30 8.215E-05.04540.048 1488.74790.67-.011304              4              0                    R 28      4756631011 5 5 1 8   118.0  114.0
 52 8281.879409 2.319E-29 7.537E-05.04710.050 1192.31990.67-.010885              4              0                    R 25      4756631011 5 5 1 8   106.0  102.0
 52 8281.936646 1.029E-29 7.984E-05.04600.049 1386.31210.67-.011167              4              0                    R 27      4756631011 5 5 1 8   114.0  110.0
 52 8281.975262 1.559E-29 7.758E-05.04650.049 1287.50160.67-.011027              4              0                    R 26      4756631011 5 5 1 8   110.0  106.0
 51 8283.884170 5.174E-28 1.670E-05.04830.051 1151.31500.67-.010877              4              0                    P 24      4856231011 5 5 1 8    47.0   49.0
 51 8283.996111 8.191E-30 2.069E-04.06320.069 2223.27140.74-.008311              5              1                    P  6      4756631011 5 5 1 8    11.0   13.0
 54 8286.066765 1.588E-29 3.280E-05.06320.069   78.69620.74-.008311              4              0                    P  6      4756631011 5 5 1 8    66.0   78.0
 51 8288.503913 7.877E-30 2.178E-04.06510.071 2200.41640.74-.007975              5              1                    P  5      4756631011 5 5 1 8     9.0   11.0
 54 8290.486193 1.528E-29 3.462E-05.06510.071   56.21370.74-.007975              4              0                    P  5      4756631011 5 5 1 8    54.0   66.0
 51 8290.908873 8.072E-28 1.743E-05.04900.052 1059.37180.67-.010790              4              0                    P 23      4856231011 5 5 1 8    45.0   47.0
 51 8292.872453 7.137E-30 2.316E-04.06770.074 2181.36920.74-.007571              5              1                    P  4      4756631011 5 5 1 8     7.0    9.0
 54 8294.771596 1.385E-29 3.688E-05.06770.074   37.47690.74-.007571              4              0                    P  4      4756631011 5 5 1 8    42.0   54.0
 51 8297.101586 5.950E-30 2.513E-04.07120.077 2166.13050.74-.007077              5              1                    P  3      4756631011 5 5 1 8     5.0    7.0
 51 8297.796938 1.233E-27 1.819E-05.04960.053  971.23320.67-.010701              4              0                    P 22      4856231011 5 5 1 8    43.0   45.0
 54 8298.922833 1.156E-29 4.010E-05.07120.077   22.48670.74-.007077              4              0                    P  3      4756631011 5 5 1 8    30.0   42.0
 51 8301.191164 4.328E-30 2.884E-04.07570.081 2154.70100.75-.006461              5              1                    P  2      4756631011 5 5 1 8     3.0    5.0
 54 8302.939765 8.420E-30 4.612E-05.07570.081   11.24360.75-.006461              4              0                    P  2      4756631011 5 5 1 8    18.0   30.0
 51 8304.548219 1.846E-27 1.898E-05.05030.053  886.90240.67-.010609              4              0                    P 21      4856231011 5 5 1 8    41.0   43.0
 51 8305.141040 2.317E-30 4.468E-04.08030.087 2147.08110.76-.005676              5              1                    P  1      4756631011 5 5 1 8     1.0    3.0
 54 8306.822251 4.514E-30 7.160E-05.08030.087    3.74790.76-.005676              4              0                    P  1      4756631011 5 5 1 8     6.0   18.0
 51 8311.162572 2.704E-27 1.980E-05.05100.054  806.38280.67-.010514              4              0                    P 20      4856631011 5 5 1 8    39.0   41.0
 51 8312.621099 2.512E-30 1.588E-04.08030.087 2143.27110.76-.006635              5              1                    R  0      4756631011 5 5 1 8     3.0    1.0
 54 8314.183332 4.911E-30 2.554E-05.08030.087    0.00000.76-.006635              4              0                    R  0      4756631011 5 5 1 8    18.0    6.0
 51 8316.150989 5.087E-30 1.967E-04.07570.081 2147.08110.75-.006951              5              1                    R  1      4756631011 5 5 1 8     5.0    3.0
 51 8317.639850 3.878E-27 2.064E-05.05170.055  729.67740.67-.010415              4              0                    P 19      4856631011 5 5 1 8    37.0   39.0
 54 8317.661647 9.966E-30 3.170E-05.07570.081    3.74790.75-.006951              4              0                    R  1      4756631011 5 5 1 8    30.0   18.0
 51 8319.540590 7.581E-30 2.175E-04.07120.077 2154.70100.74-.007193              5              1                    R  2      4756631011 5 5 1 8     7.0    5.0
 54 8321.004958 1.489E-29 3.511E-05.07120.077   11.24360.74-.007193              4              0                    R  2      4756631011 5 5 1 8    42.0   30.0
 51 8322.789754 9.858E-30 2.327E-04.06770.074 2166.13050.74-.007390              5              1                    R  3      4756631011 5 5 1 8     9.0    7.0
 51 8323.979908 5.442E-27 2.152E-05.05240.056  656.78920.68-.010313              4              0                    P 18      4856631011 5 5 1 8    35.0   37.0
 54 8324.213128 1.942E-29 3.764E-05.06770.074   22.48670.74-.007390              4              0                    R  3      4756631011 5 5 1 8    54.0   42.0
 51 8325.898335 1.180E-29 2.455E-04.06510.071 2181.36920.74-.007563              5              1                    R  4      4756631011 5 5 1 8    11.0    9.0
 54 8327.286015 2.330E-29 3.978E-05.06510.071   37.47690.74-.007563              4              0                    R  4      4756631011 5 5 1 8    66.0   54.0
 51 8328.866186 1.330E-29 2.571E-04.06320.069 2200.41640.74-.007723              5              1                    R  5      4756631011 5 5 1 8    13.0   11.0
 51 8330.182598 7.470E-27 2.243E-05.05310.057  587.72090.69-.010207              4              0                    P 17      4856631011 5 5 1 8    33.0   35.0
 54 8330.223480 2.635E-29 4.173E-05.06320.069   56.21370.74-.007723              4              0                    R  5      4756631011 5 5 1 8    78.0   66.0
 51 8331.693160 1.430E-29 2.681E-04.06180.068 2223.27140.75-.007877              5              1                    R  6      4756631011 5 5 1 8    15.0   13.0
 54 8333.025385 2.845E-29 4.358E-05.06180.068   78.69620.75-.007877              4              0                    R  6      4756631011 5 5 1 8    90.0   78.0
 51 8334.379110 1.480E-29 2.787E-04.06060.066 2249.93340.75-.008031              5              1                    R  7      4756631011 5 5 1 8    17.0   15.0
 54 8335.691589 2.954E-29 4.538E-05.06060.066  104.92370.75-.008031              4              0                    R  7      4756631011 5 5 1 8   102.0   90.0
 51 8336.247777 1.002E-26 2.337E-05.05380.058  522.47510.70-.010095              4              0                    P 16      4856631011 5 5 1 8    31.0   33.0
 51 8336.923889 1.479E-29 2.892E-04.05950.065 2280.40130.75-.008186              5              1                    R  8      4756631011 5 5 1 8    19.0   17.0
 54 8338.221953 2.964E-29 4.716E-05.05950.065  134.89520.75-.008186              4              0                    R  8      4756631011 5 5 1 8   114.0  102.0
 51 8339.327350 1.433E-29 2.996E-04.05860.064 2314.67390.75-.008343              5              1                    R  9      4756631011 5 5 1 8    21.0   19.0
 54 8340.616338 2.884E-29 4.893E-05.05860.064  168.60960.75-.008343              4              0                    R  9      4756631011 5 5 1 8   126.0  114.0
 51 8341.589346 1.349E-29 3.101E-04.05770.063 2352.74990.75-.008502              5              1                    R 10      4756631011 5 5 1 8    23.0   21.0
 51 8342.175296 1.316E-26 2.436E-05.05450.059  461.05450.71-.009978              4              0                    P 15      4856631011 5 5 1 8    29.0   31.0
 54 8342.874605 2.727E-29 5.071E-05.05770.063  206.06560.75-.008502              4              0                    R 10      4756631011 5 5 1 8   138.0  126.0
 51 8343.709731 1.236E-29 3.206E-04.05690.062 2394.62790.74-.008663              5              1                    R 11      4756631011 5 5 1 8    25.0   23.0
 54 8344.996615 2.511E-29 5.251E-05.05690.062  247.26180.74-.008663              4              0                    R 11      4756631011 5 5 1 8   150.0  138.0
 51 8345.688356 1.105E-29 3.313E-04.05610.060 2440.30620.73-.008826              5              1                    R 12      4756631011 5 5 1 8    27.0   25.0
 54 8346.982227 2.254E-29 5.434E-05.05610.060  292.19670.73-.008826              4              0                    R 12      4756631011 5 5 1 8   162.0  150.0
 51 8347.525076 9.627E-30 3.421E-04.05530.059 2489.78310.72-.008991              5              1                    R 13      4756631011 5 5 1 8    29.0   27.0
 51 8347.965010 1.686E-26 2.538E-05.05530.059  403.46120.72-.009853              4              0                    P 14      4856631011 5 5 1 8    27.0   29.0
 54 8348.831303 1.975E-29 5.619E-05.05530.059  340.86860.72-.008991              4              0                    R 13      4756631011 5 5 1 8   174.0  162.0
 51 8349.219743 8.194E-30 3.531E-04.05450.059 2543.05670.71-.009156              5              1                    R 14      4756631011 5 5 1 8    31.0   29.0
 54 8350.543704 1.691E-29 5.807E-05.05450.059  393.27580.71-.009156              4              0                    R 14      4756631011 5 5 1 8   186.0  174.0
 51 8350.772210 6.817E-30 3.642E-04.05380.058 2600.12490.70-.009321              5              1                    R 15      4756631011 5 5 1 8    33.0   31.0
 54 8352.119290 1.415E-29 5.998E-05.05380.058  449.41620.70-.009321              4              0                    R 15      4756631011 5 5 1 8   198.0  186.0
 51 8352.182330 5.544E-30 3.756E-04.05310.057 2660.98550.69-.009485              5              1                    R 16      4756631011 5 5 1 8    35.0   33.0
 51 8353.449957 4.411E-30 3.872E-04.05240.056 2725.63610.68-.009649              5              1                    R 17      4756631011 5 5 1 8    37.0   35.0
 54 8353.557923 1.158E-29 6.193E-05.05310.057  509.28780.69-.009485              4              0                    R 16      4756631011 5 5 1 8   210.0  198.0
 51 8353.616772 2.110E-26 2.645E-05.05610.060  349.69750.73-.009719              4              0                    P 13      4856631011 5 5 1 8    25.0   27.0
 51 8354.574942 3.434E-30 3.990E-04.05170.055 2794.07440.67-.009811              5              1                    R 18      4756631011 5 5 1 8    39.0   37.0
 54 8354.859463 9.270E-30 6.392E-05.05240.056  572.88830.68-.009649              4              0                    R 17      4756631011 5 5 1 8   222.0  210.0
 51 8355.557140 2.618E-30 4.110E-04.05100.054 2866.29750.67-.009972              5              1                    R 19      4756631011 5 5 1 8    41.0   39.0
 54 8356.023771 7.265E-30 6.595E-05.05170.055  640.21530.67-.009811              4              0                    R 18      4756631011 5 5 1 8   234.0  222.0
 51 8356.396403 1.954E-30 4.233E-04.05030.053 2942.30280.67-.010130              5              1                    R 20      4756631011 5 5 1 8    43.0   41.0
 54 8357.050708 5.577E-30 6.802E-05.05100.054  711.26650.67-.009972              4              0                    R 19      4756631011 5 5 1 8   246.0  234.0
 51 8357.092584 1.429E-30 4.359E-04.04960.053 3022.08730.67-.010286              5              1                    R 21      4756631011 5 5 1 8    45.0   43.0
 51 8357.645536 1.023E-30 4.487E-04.04900.052 3105.64790.67-.010440              5              1                    R 22      4756631011 5 5 1 8    47.0   45.0
 54 8357.940136 4.190E-30 7.014E-05.05030.053  786.03900.67-.010130              4              0                    R 20      4756631011 5 5 1 8   258.0  246.0
 51 8358.055111 7.178E-31 4.617E-04.04830.051 3192.98150.67-.010591              5              1                    R 23      4756631011 5 5 1 8    49.0   47.0
 51 8358.256703 1.425E-31 5.169E-04.04600.049 3579.97510.67-.011167              5              1                    R 27      4756631011 5 5 1 8    57.0   55.0
 51 8358.321163 4.937E-31 4.751E-04.04770.051 3284.08460.67-.010739              5              1                    R 24      4756631011 5 5 1 8    51.0   49.0
 51 8358.422106 2.199E-31 5.027E-04.04650.049 3477.58510.67-.011027              5              1                    R 26      4756631011 5 5 1 8    55.0   53.0
 51 8358.443543 3.328E-31 4.887E-04.04710.050 3378.95370.67-.010885              5              1                    R 25      4756631011 5 5 1 8    53.0   51.0
 54 8358.691914 3.087E-30 7.230E-05.04960.053  864.53010.67-.010286              4              0                    R 21      4756631011 5 5 1 8   270.0  258.0
 51 8359.130436 2.576E-26 2.756E-05.05690.062  299.76560.74-.009576              4              0                    P 12      4856631011 5 5 1 8    23.0   25.0
 54 8359.305904 2.228E-30 7.451E-05.04900.052  946.73700.67-.010440              4              0                    R 22      4756631011 5 5 1 8   282.0  270.0
 54 8359.734082 1.306E-31 9.136E-05.04480.047 1625.94970.67-.011438              4              0                    R 29      4756631011 5 5 1 8   366.0  354.0
 54 8359.781966 1.576E-30 7.676E-05.04830.051 1032.65650.67-.010591              4              0                    R 23      4756631011 5 5 1 8   294.0  282.0
 54 8360.088504 2.076E-31 8.879E-05.04540.048 1517.82650.67-.011304              4              0                    R 28      4756631011 5 5 1 8   354.0  342.0
 54 8360.119963 1.093E-30 7.906E-05.04770.051 1122.28540.67-.010739              4              0                    R 24      4756631011 5 5 1 8   306.0  294.0
 54 8360.304164 3.237E-31 8.628E-05.04600.049 1413.39470.67-.011167              4              0                    R 27      4756631011 5 5 1 8   342.0  330.0
 54 8360.319754 7.427E-31 8.142E-05.04710.050 1215.62040.67-.010885              4              0                    R 25      4756631011 5 5 1 8   318.0  306.0
 54 8360.381201 4.951E-31 8.382E-05.04650.049 1312.65800.67-.011027              4              0                    R 26      4756631011 5 5 1 8   330.0  318.0
 51 8364.505854 3.063E-26 2.873E-05.05770.063  253.66720.75-.009419              4              0                    P 11      4856631011 5 5 1 8    21.0   23.0
 51 8369.742881 3.546E-26 2.997E-05.05860.064  211.40410.75-.009248              4              0                    P 10      4856631011 5 5 1 8    19.0   21.0
 51 8374.841369 3.987E-26 3.128E-05.05950.065  172.97800.75-.009057              4              0                    P  9      4856631011 5 5 1 8    17.0   19.0
 51 8379.801173 4.345E-26 3.269E-05.06060.066  138.39040.75-.008842              4              0                    P  8      4856631011 5 5 1 8    15.0   17.0
 51 8384.622144 4.573E-26 3.423E-05.06180.068  107.64240.75-.008596              4              0                    P  7      4856631011 5 5 1 8    13.0   15.0
 51 8389.304136 4.626E-26 3.595E-05.06320.069   80.73540.74-.008311              4              0                    P  6      4856631011 5 5 1 8    11.0   13.0
 51 8393.847002 4.465E-26 3.795E-05.06510.071   57.67040.74-.007975              4              0                    P  5      4856631011 5 5 1 8     9.0   11.0
 51 8398.250596 4.060E-26 4.045E-05.06770.074   38.44810.74-.007571              4              0                    P  4      4856631011 5 5 1 8     7.0    9.0
 51 8402.514770 3.395E-26 4.400E-05.07120.077   23.06950.74-.007077              4              0                    P  3      4856631011 5 5 1 8     5.0    7.0
 51 8406.639377 2.476E-26 5.063E-05.07570.081   11.53500.75-.006461              4              0                    P  2      4856631011 5 5 1 8     3.0    5.0
 51 8410.624271 1.330E-26 7.862E-05.08030.087    3.84500.76-.005676              4              0                    P  1      4856631011 5 5 1 8     1.0    3.0
 51 8418.174330 1.448E-26 2.807E-05.08030.087    0.00000.76-.006635              4              0                    R  0      4856631011 5 5 1 8     3.0    1.0
 51 8421.739202 2.939E-26 3.484E-05.07570.081    3.84500.75-.006951              4              0                    R  1      4856631011 5 5 1 8     5.0    3.0
 51 8425.163773 4.388E-26 3.861E-05.07120.077   11.53500.74-.007193              4              0                    R  2      4856631011 5 5 1 8     7.0    5.0
 51 8428.447896 5.715E-26 4.140E-05.06770.074   23.06950.74-.007390              4              0                    R  3      4856631011 5 5 1 8     9.0    7.0
 51 8431.591424 6.848E-26 4.377E-05.06510.071   38.44810.74-.007563              4              0                    R  4      4856631011 5 5 1 8    11.0    9.0
 51 8434.594211 7.729E-26 4.593E-05.06320.069   57.67040.74-.007723              4              0                    R  5      4856631011 5 5 1 8    13.0   11.0
 51 8437.456109 8.323E-26 4.798E-05.06180.068   80.73540.75-.007877              4              0                    R  6      4856631011 5 5 1 8    15.0   13.0
 51 8440.176972 8.615E-26 4.998E-05.06060.066  107.64240.75-.008031              4              0                    R  7      4856631011 5 5 1 8    17.0   15.0
 51 8442.756653 8.615E-26 5.196E-05.05950.065  138.39040.75-.008186              4              0                    R  8      4856631011 5 5 1 8    19.0   17.0
 51 8445.195006 8.349E-26 5.393E-05.05860.064  172.97800.75-.008343              4              0                    R  9      4856631011 5 5 1 8    21.0   19.0
 51 8445.416284 1.110E-31 1.448E-04.03860.041 3452.15630.67-.012925              4              0                    R 42      4756231011 5 5 1 8    87.0   85.0
 51 8447.491884 7.861E-26 5.591E-05.05770.063  211.40410.75-.008502              4              0                    R 10      4856631011 5 5 1 8    23.0   21.0
 51 8447.724008 2.295E-31 1.410E-04.03900.041 3292.47340.67-.012826              4              0                    R 41      4756231011 5 5 1 8    85.0   83.0
 51 8449.647140 7.204E-26 5.792E-05.05690.062  253.66720.74-.008663              4              0                    R 11      4856631011 5 5 1 8    25.0   23.0
 51 8449.885558 4.654E-31 1.373E-04.03950.042 3136.50950.67-.012725              4              0                    R 40      4756231011 5 5 1 8    83.0   81.0
 51 8451.660627 6.432E-26 5.994E-05.05610.060  299.76560.73-.008826              4              0                    R 12      4856631011 5 5 1 8    27.0   25.0
 51 8451.901082 9.262E-31 1.336E-04.03990.042 2984.27070.67-.012621              4              0                    R 39      4756231011 5 5 1 8    81.0   79.0
 51 8453.532200 5.604E-26 6.200E-05.05530.059  349.69750.72-.008991              4              0                    R 13      4856631011 5 5 1 8    29.0   27.0
 51 8453.770730 1.809E-30 1.301E-04.04030.043 2835.76270.67-.012515              4              0                    R 38      4756231011 5 5 1 8    79.0   77.0
 51 8455.261712 4.767E-26 6.410E-05.05450.059  403.46120.71-.009156              4              0                    R 14      4856631011 5 5 1 8    31.0   29.0
 51 8455.494648 3.467E-30 1.266E-04.04080.043 2690.99130.67-.012406              4              0                    R 37      4756231011 5 5 1 8    77.0   75.0
 51 8456.849015 3.961E-26 6.623E-05.05380.058  461.05450.70-.009321              4              0                    R 15      4856631011 5 5 1 8    33.0   31.0
 51 8457.072984 6.519E-30 1.232E-04.04130.044 2549.96200.67-.012295              4              0                    R 36      4756231011 5 5 1 8    75.0   73.0
 51 8458.293964 3.218E-26 6.841E-05.05310.057  522.47510.69-.009485              4              0                    R 16      4856631011 5 5 1 8    35.0   33.0
 51 8458.505886 1.203E-29 1.198E-04.04170.044 2412.68010.67-.012181              4              0                    R 35      4756231011 5 5 1 8    73.0   71.0
 51 8459.596412 2.557E-26 7.062E-05.05240.056  587.72090.68-.009649              4              0                    R 17      4856631011 5 5 1 8    37.0   35.0
 51 8459.793502 2.177E-29 1.166E-04.04220.045 2279.15110.67-.012064              4              0                    R 34      4756231011 5 5 1 8    71.0   69.0
 51 8460.756213 1.988E-26 7.289E-05.05170.055  656.78920.67-.009811              4              0                    R 18      4856631011 5 5 1 8    39.0   37.0
 51 8460.935978 3.865E-29 1.134E-04.04270.045 2149.37990.67-.011944              4              0                    R 33      4756231011 5 5 1 8    69.0   67.0
 51 8461.773221 1.512E-26 7.520E-05.05100.054  729.67740.67-.009972              4              0                    R 19      4856631011 5 5 1 8    41.0   39.0
 51 8461.933462 6.733E-29 1.103E-04.04320.046 2023.37150.67-.011822              4              0                    R 32      4756231011 5 5 1 8    67.0   65.0
 51 8462.647288 1.127E-26 7.756E-05.05030.053  806.38280.67-.010130              4              0                    R 20      4856231011 5 5 1 8    43.0   41.0
 51 8462.786100 1.150E-28 1.072E-04.04380.046 1901.13080.67-.011697              4              0                    R 31      4756231011 5 5 1 8    65.0   63.0
 51 8463.378268 8.218E-27 7.997E-05.04960.053  886.90240.67-.010286              4              0                    R 21      4856231011 5 5 1 8    45.0   43.0
 51 8463.494040 1.927E-28 1.042E-04.04430.047 1782.66240.67-.011569              4              0                    R 30      4756231011 5 5 1 8    63.0   61.0
 51 8463.966016 5.872E-27 8.244E-05.04900.052  971.23320.67-.010440              4              0                    R 22      4856231011 5 5 1 8    47.0   45.0
 51 8464.057428 3.166E-28 1.013E-04.04480.047 1667.97090.67-.011438              4              0                    R 29      4856231011 5 5 1 8    61.0   59.0
 51 8464.410385 4.110E-27 8.495E-05.04830.051 1059.37180.67-.010591              4              0                    R 23      4856231011 5 5 1 8    49.0   47.0
 51 8464.476412 5.101E-28 9.840E-05.04540.048 1557.06070.67-.011304              4              0                    R 28      4856231011 5 5 1 8    59.0   57.0
 51 8464.711227 2.819E-27 8.753E-05.04770.051 1151.31500.67-.010739              4              0                    R 24      4856231011 5 5 1 8    51.0   49.0
 51 8464.751137 8.058E-28 9.559E-05.04600.049 1449.93600.67-.011167              4              0                    R 27      4856231011 5 5 1 8    57.0   55.0
 51 8464.868398 1.894E-27 9.016E-05.04710.050 1247.05920.67-.010885              4              0                    R 25      4856231011 5 5 1 8    53.0   51.0
 51 8464.881750 1.248E-27 9.284E-05.04650.049 1346.60080.67-.011027              4              0                    R 26      4856231011 5 5 1 8    55.0   53.0
 5210087.193105 1.177E-31 6.138E-07.04770.051 1192.31990.67-.013675              5              0                    P 25      4556631011 5 5 1 8    98.0  102.0
 5210094.754256 1.694E-31 5.911E-07.04830.051 1100.77060.67-.013561              5              0                    P 24      4556631011 5 5 1 8    94.0   98.0
 5210102.155055 2.389E-31 5.687E-07.04900.052 1012.85700.67-.013444              5              0                    P 23      4556631011 5 5 1 8    90.0   94.0
 5310105.081788 1.053E-31 4.951E-07.05100.054  768.03310.67-.013074              5              0                    P 20      4556631011 5 5 1 8    39.0   41.0
 5210109.395370 3.300E-31 5.465E-07.04960.053  928.58230.67-.013324              5              0                    P 22      4556631011 5 5 1 8    86.0   90.0
 5310111.808316 1.362E-31 4.739E-07.05170.055  694.97140.67-.012944              5              0                    P 19      4556631011 5 5 1 8    37.0   39.0
 5210116.475069 4.462E-31 5.245E-07.05030.053  847.94970.67-.013201              5              0                    P 21      4556631011 5 5 1 8    82.0   86.0
 5310118.374745 1.724E-31 4.531E-07.05240.056  625.54640.68-.012809              5              0                    P 18      4556631011 5 5 1 8    35.0   37.0
 5210123.394019 5.906E-31 5.028E-07.05100.054  770.96190.67-.013074              5              0                    P 20      4556631011 5 5 1 8    78.0   82.0
 5310124.780941 2.134E-31 4.326E-07.05310.057  559.76050.69-.012669              5              0                    P 17      4556631011 5 5 1 8    33.0   35.0
 5210130.152087 7.652E-31 4.813E-07.05170.055  697.62190.67-.012944              5              0                    P 19      4556631011 5 5 1 8    74.0   78.0
 5310131.026773 2.582E-31 4.123E-07.05380.058  497.61620.70-.012522              5              0                    P 16      4556631011 5 5 1 8    31.0   33.0
 5210136.749141 9.697E-31 4.601E-07.05240.056  627.93240.68-.012809              5              0                    P 18      4556631011 5 5 1 8    70.0   74.0
 5310137.112108 3.050E-31 3.925E-07.05450.059  439.11570.71-.012369              5              0                    P 15      4556631011 5 5 1 8    29.0   31.0
 5310143.036814 3.519E-31 3.729E-07.05530.059  384.26120.72-.012208              5              0                    P 14      4556631011 5 5 1 8    27.0   29.0
 5210143.185046 1.201E-30 4.392E-07.05310.057  561.89580.69-.012669              5              0                    P 17      4556631011 5 5 1 8    66.0   70.0
 5310148.800758 3.960E-31 3.538E-07.05610.060  333.05470.73-.012038              5              0                    P 13      4556631011 5 5 1 8    25.0   27.0
 5210149.459671 1.455E-30 4.187E-07.05380.058  499.51460.70-.012522              5              0                    P 16      4556631011 5 5 1 8    62.0   66.0
 5310154.403807 4.344E-31 3.350E-07.05690.062  285.49790.74-.011856              5              0                    P 12      4556631011 5 5 1 8    23.0   25.0
 5210155.572880 1.721E-30 3.984E-07.05450.059  440.79120.71-.012369              5              0                    P 15      4556631011 5 5 1 8    58.0   62.0
 5310159.845829 4.637E-31 3.167E-07.05770.063  241.59270.75-.011660              5              0                    P 11      4556631011 5 5 1 8    21.0   23.0
 5210161.524541 1.988E-30 3.786E-07.05530.059  385.72750.72-.012208              5              0                    P 14      4556631011 5 5 1 8    54.0   58.0
 5310165.126691 4.809E-31 2.989E-07.05860.064  201.34070.75-.011446              5              0                    P 10      4556631011 5 5 1 8    19.0   21.0
 5210167.314520 2.239E-30 3.591E-07.05610.060  334.32560.73-.012038              5              0                    P 13      4556631011 5 5 1 8    50.0   54.0
 5310170.246259 4.839E-31 2.817E-07.05950.065  164.74330.75-.011212              5              0                    P  9      4556631011 5 5 1 8    17.0   19.0
 5210172.942684 2.457E-30 3.400E-07.05690.062  286.58750.74-.011856              5              0                    P 12      4556631011 5 5 1 8    46.0   50.0
 5310175.204401 4.710E-31 2.650E-07.06060.066  131.80180.75-.010951              5              0                    P  8      4556631011 5 5 1 8    15.0   17.0
 5210178.408898 2.625E-30 3.214E-07.05770.063  242.51480.75-.011660              5              0                    P 11      4556631011 5 5 1 8    42.0   46.0
 5310180.000984 4.421E-31 2.492E-07.06180.068  102.51750.75-.010655              5              0                    P  7      4556631011 5 5 1 8    13.0   15.0
 5210183.713029 2.724E-30 3.033E-07.05860.064  202.10920.75-.011446              5              0                    P 10      4556631011 5 5 1 8    38.0   42.0
 5310184.635874 3.980E-31 2.342E-07.06320.069   76.89140.74-.010315              5              0                    P  6      4556631011 5 5 1 8    11.0   13.0
 5210188.854942 2.743E-30 2.858E-07.05950.065  165.37220.75-.011212              5              0                    P  9      4556631011 5 5 1 8    34.0   38.0
 5310189.108939 3.408E-31 2.205E-07.06510.071   54.92440.74-.009917              5              0                    P  5      4556631011 5 5 1 8     9.0   11.0
 5310193.420045 2.742E-31 2.089E-07.06770.074   36.61740.74-.009441              5              0                    P  4      4556631011 5 5 1 8     7.0    9.0
 5210193.834504 2.671E-30 2.689E-07.06060.066  132.30500.75-.010951              5              0                    P  8      4556631011 5 5 1 8    30.0   34.0
 5310197.569059 2.022E-31 2.010E-07.07120.077   21.97100.74-.008861              5              0                    P  3      4556631011 5 5 1 8     5.0    7.0
 5210198.651580 2.508E-30 2.527E-07.06180.068  102.90890.75-.010655              5              0                    P  7      4556631011 5 5 1 8    26.0   30.0
 5310201.555848 1.297E-31 2.038E-07.07570.081   10.98570.75-.008137              5              0                    P  2      4556631011 5 5 1 8     3.0    5.0
 5210203.306037 2.258E-30 2.375E-07.06320.069   77.18500.74-.010315              5              0                    P  6      4556631011 5 5 1 8    22.0   26.0
 5210207.797740 1.934E-30 2.236E-07.06510.071   55.13410.74-.009917              5              0                    P  5      4556631011 5 5 1 8    18.0   22.0
 5210212.126555 1.556E-30 2.117E-07.06770.074   36.75720.74-.009441              5              0                    P  4      4556631011 5 5 1 8    14.0   18.0
 5310215.878089 8.730E-32 7.968E-08.07570.081    3.66190.75-.008628              5              0                    R  1      4556631011 5 5 1 8     5.0    3.0
 5210216.292349 1.148E-30 2.037E-07.07120.077   22.05490.74-.008861              5              0                    P  3      4556631011 5 5 1 8    10.0   14.0
 5310219.051754 1.113E-31 7.525E-08.07120.077   10.98570.74-.008976              5              0                    R  2      4556631011 5 5 1 8     7.0    5.0
 5210220.294985 7.358E-31 2.065E-07.07570.081   11.02760.75-.008137              5              0                    P  2      4556631011 5 5 1 8     6.0   10.0
 5310222.062395 1.227E-31 6.810E-08.06770.074   21.97100.74-.009260              5              0                    R  3      4556631011 5 5 1 8     9.0    7.0
 5210224.134332 3.456E-31 2.809E-07.08030.087    3.67590.76-.007215              5              0                    P  1      4556631011 5 5 1 8     2.0    6.0
 5110224.274025 1.203E-31 9.964E-07.04270.045 2279.15110.67-.014612              5              0                    P 34      4456631011 5 5 1 8    67.0   69.0
 5310224.909879 1.232E-31 6.010E-08.06510.071   36.61740.74-.009505              5              0                    R  4      4556631011 5 5 1 8    11.0    9.0
 5310227.594072 1.151E-31 5.195E-08.06320.069   54.92440.74-.009727              5              0                    R  5      4556631011 5 5 1 8    13.0   11.0
 5310230.114840 1.011E-31 4.402E-08.06180.068   76.89140.75-.009936              5              0                    R  6      4556631011 5 5 1 8    15.0   13.0
 5210231.322616 2.836E-31 7.559E-08.08030.087    0.00000.76-.008174              5              0                    R  0      4556631011 5 5 1 8     6.0    2.0
 5310232.472052 8.380E-32 3.649E-08.06060.066  102.51750.75-.010140              5              0                    R  7      4556631011 5 5 1 8    17.0   15.0
 5110233.812097 2.123E-31 9.673E-07.04320.046 2149.37990.67-.014515              5              0                    P 33      4456631011 5 5 1 8    65.0   67.0
 5210234.671285 4.949E-31 8.061E-08.07570.081    3.67590.75-.008628              5              0                    R  1      4556631011 5 5 1 8    10.0    6.0
 5210237.856127 6.307E-31 7.609E-08.07120.077   11.02760.74-.008976              5              0                    R  2      4556631011 5 5 1 8    14.0   10.0
 5210240.877007 6.947E-31 6.883E-08.06770.074   22.05490.74-.009260              5              0                    R  3      4556631011 5 5 1 8    18.0   14.0
 5110243.179964 3.677E-31 9.383E-07.04380.046 2023.37150.67-.014416              5              0                    P 32      4456631011 5 5 1 8    63.0   65.0
 5210243.733791 6.967E-31 6.069E-08.06510.071   36.75720.74-.009505              5              0                    R  4      4556631011 5 5 1 8    22.0   18.0
 5210246.426345 6.502E-31 5.243E-08.06320.069   55.13410.74-.009727              5              0                    R  5      4556631011 5 5 1 8    26.0   22.0
 5210248.954534 5.701E-31 4.438E-08.06180.068   77.18500.75-.009936              5              0                    R  6      4556631011 5 5 1 8    30.0   26.0
 5210251.318225 4.719E-31 3.674E-08.06060.066  102.90890.75-.010140              5              0                    R  7      4556631011 5 5 1 8    34.0   30.0
 5110252.377485 6.240E-31 9.094E-07.04430.047 1901.13080.67-.014316              5              0                    P 31      4456631011 5 5 1 8    61.0   63.0
 5210253.517283 3.689E-31 2.966E-08.05950.065  132.30500.75-.010341              5              0                    R  8      4556631011 5 5 1 8    38.0   34.0
 5210255.551575 2.714E-31 2.320E-08.05860.064  165.37220.75-.010541              5              0                    R  9      4556631011 5 5 1 8    42.0   38.0
 5210257.420965 1.869E-31 1.743E-08.05770.063  202.10920.75-.010742              5              0                    R 10      4556631011 5 5 1 8    46.0   42.0
 5210259.125320 1.188E-31 1.242E-08.05690.062  242.51480.74-.010943              5              0                    R 11      4556631011 5 5 1 8    50.0   46.0
 5210260.664506 6.836E-32 8.198E-09.05610.060  286.58750.73-.011145              5              0                    R 12      4556631011 5 5 1 8    54.0   50.0
 5110261.404517 1.038E-30 8.807E-07.04480.047 1782.66240.67-.014214              5              0                    P 30      4556631011 5 5 1 8    59.0   61.0
 5110270.260919 1.691E-30 8.520E-07.04540.048 1667.97090.67-.014110              5              0                    P 29      4556631011 5 5 1 8    57.0   59.0
 5410273.550359 9.182E-32 3.465E-07.05770.063  247.26180.75-.011660              5              0                    P 11      4556631011 5 5 1 8   126.0  138.0
 5110278.946547 2.699E-30 8.236E-07.04600.049 1557.06070.67-.014004              5              0                    P 28      4556631011 5 5 1 8    55.0   57.0
 5410278.974564 9.561E-32 3.268E-07.05860.064  206.06560.75-.011446              5              0                    P 10      4556631011 5 5 1 8   114.0  126.0
 5410284.231767 9.653E-32 3.076E-07.05950.065  168.60960.75-.011212              5              0                    P  9      4556631011 5 5 1 8   102.0  114.0
 5110287.461257 4.220E-30 7.953E-07.04650.049 1449.93600.67-.013897              5              0                    P 27      4556631011 5 5 1 8    53.0   55.0
 5410289.321827 9.425E-32 2.892E-07.06060.066  134.89520.75-.010951              5              0                    P  8      4556631011 5 5 1 8    90.0  102.0
 5410294.244606 8.866E-32 2.716E-07.06180.068  104.92370.75-.010655              5              0                    P  7      4556631011 5 5 1 8    78.0   90.0
 5110295.804908 6.464E-30 7.673E-07.04710.050 1346.60080.67-.013787              5              0                    P 26      4556631011 5 5 1 8    51.0   53.0
 5110303.977354 9.694E-30 7.394E-07.04770.051 1247.05920.67-.013675              5              0                    P 25      4556631011 5 5 1 8    49.0   51.0
 5110311.978452 1.424E-29 7.118E-07.04830.051 1151.31500.67-.013561              5              0                    P 24      4556631011 5 5 1 8    47.0   49.0
 5110319.808057 2.045E-29 6.844E-07.04900.052 1059.37180.67-.013444              5              0                    P 23      4556631011 5 5 1 8    45.0   47.0
 5110327.466024 2.877E-29 6.573E-07.04960.053  971.23320.67-.013324              5              0                    P 22      4556631011 5 5 1 8    43.0   45.0
 5110334.952210 3.958E-29 6.304E-07.05030.053  886.90240.67-.013201              5              0                    P 21      4556631011 5 5 1 8    41.0   43.0
 5110342.266468 5.327E-29 6.039E-07.05100.054  806.38280.67-.013074              5              0                    P 20      4556631011 5 5 1 8    39.0   41.0
 5110349.408654 7.009E-29 5.777E-07.05170.055  729.67740.67-.012944              5              0                    P 19      4556631011 5 5 1 8    37.0   39.0
 5110356.378622 9.014E-29 5.518E-07.05240.056  656.78920.68-.012809              5              0                    P 18      4556631011 5 5 1 8    35.0   37.0
 5110363.176226 1.133E-28 5.263E-07.05310.057  587.72090.69-.012669              5              0                    P 17      4556631011 5 5 1 8    33.0   35.0
 5110369.801321 1.389E-28 5.012E-07.05380.058  522.47510.70-.012522              5              0                    P 16      4556631011 5 5 1 8    31.0   33.0
 5110376.253761 1.663E-28 4.765E-07.05450.059  461.05450.71-.012369              5              0                    P 15      4556631011 5 5 1 8    29.0   31.0
 5110382.533399 1.943E-28 4.522E-07.05530.059  403.46120.72-.012208              5              0                    P 14      4556631011 5 5 1 8    27.0   29.0
 5110388.640090 2.211E-28 4.285E-07.05610.060  349.69750.73-.012038              5              0                    P 13      4556631011 5 5 1 8    25.0   27.0
 5110394.573687 2.449E-28 4.052E-07.05690.062  299.76560.74-.011856              5              0                    P 12      4556631011 5 5 1 8    23.0   25.0
 5110400.334044 2.638E-28 3.825E-07.05770.063  253.66720.75-.011660              5              0                    P 11      4556631011 5 5 1 8    21.0   23.0
 5110405.921014 2.758E-28 3.604E-07.05860.064  211.40410.75-.011446              5              0                    P 10      4556631011 5 5 1 8    19.0   21.0
 5110411.334450 2.796E-28 3.390E-07.05950.065  172.97800.75-.011212              5              0                    P  9      4556631011 5 5 1 8    17.0   19.0
 5110416.574207 2.738E-28 3.184E-07.06060.066  138.39040.75-.010951              5              0                    P  8      4556631011 5 5 1 8    15.0   17.0
 5110421.640137 2.583E-28 2.987E-07.06180.068  107.64240.75-.010655              5              0                    P  7      4556631011 5 5 1 8    13.0   15.0
 5110426.532094 2.333E-28 2.801E-07.06320.069   80.73540.74-.010315              5              0                    P  6      4556631011 5 5 1 8    11.0   13.0
 5110431.249931 2.004E-28 2.631E-07.06510.071   57.67040.74-.009917              5              0                    P  5      4556631011 5 5 1 8     9.0   11.0
 5110435.793501 1.615E-28 2.485E-07.06770.074   38.44810.74-.009441              5              0                    P  4      4556631011 5 5 1 8     7.0    9.0
 5110440.162657 1.192E-28 2.384E-07.07120.077   23.06950.74-.008861              5              0                    P  3      4556631011 5 5 1 8     5.0    7.0
 5110444.357252 7.633E-29 2.408E-07.07570.081   11.53500.75-.008137              5              0                    P  2      4556631011 5 5 1 8     3.0    5.0
 5110448.377140 3.577E-29 3.265E-07.08030.087    3.84500.76-.007215              5              0                    P  1      4556631011 5 5 1 8     1.0    3.0
 5110455.892206 2.913E-29 8.710E-08.08030.087    0.00000.76-.008174              5              0                    R  0      4556631011 5 5 1 8     3.0    1.0
 5110459.387089 5.052E-29 9.240E-08.07570.081    3.84500.75-.008628              5              0                    R  1      4556631011 5 5 1 8     5.0    3.0
 5110462.706678 6.389E-29 8.669E-08.07120.077   11.53500.74-.008976              5              0                    R  2      4556631011 5 5 1 8     7.0    5.0
 5110465.850825 6.972E-29 7.787E-08.06770.074   23.06950.74-.009260              5              0                    R  3      4556631011 5 5 1 8     9.0    7.0
 5110468.819382 6.913E-29 6.811E-08.06510.071   38.44810.74-.009505              5              0                    R  4      4556631011 5 5 1 8    11.0    9.0
 5110471.612204 6.361E-29 5.826E-08.06320.069   57.67040.74-.009727              5              0                    R  5      4556631011 5 5 1 8    13.0   11.0
 5110474.229143 5.486E-29 4.874E-08.06180.068   80.73540.75-.009936              5              0                    R  6      4556631011 5 5 1 8    15.0   13.0
 5110476.670053 4.450E-29 3.978E-08.06060.066  107.64240.75-.010140              5              0                    R  7      4556631011 5 5 1 8    17.0   15.0
 5110478.934786 3.393E-29 3.152E-08.05950.065  138.39040.75-.010341              5              0                    R  8      4556631011 5 5 1 8    19.0   17.0
 5110481.023196 2.421E-29 2.408E-08.05860.064  172.97800.75-.010541              5              0                    R  9      4556631011 5 5 1 8    21.0   19.0
 5110482.935135 1.601E-29 1.753E-08.05770.063  211.40410.75-.010742              5              0                    R 10      4556631011 5 5 1 8    23.0   21.0
 5110483.889040 1.789E-31 1.484E-07.04430.047 1782.66240.67-.014445              5              0                    R 30      4456631011 5 5 1 8    63.0   61.0
 5110484.670458 9.647E-30 1.194E-08.05690.062  253.66720.74-.010943              5              0                    R 11      4556631011 5 5 1 8    25.0   23.0
 5110485.537352 2.594E-31 1.273E-07.04480.047 1667.97090.67-.014288              5              0                    R 29      4556631011 5 5 1 8    61.0   59.0
 5110486.229017 5.133E-30 7.363E-09.05610.060  299.76560.73-.011145              5              0                    R 12      4556631011 5 5 1 8    27.0   25.0
 5110487.006254 3.646E-31 1.079E-07.04540.048 1557.06070.67-.014128              5              0                    R 28      4556631011 5 5 1 8    59.0   57.0
 5110487.610665 2.258E-30 3.846E-09.05530.059  349.69750.72-.011346              5              0                    R 13      4556631011 5 5 1 8    29.0   27.0
 5110488.295892 4.962E-31 9.037E-08.04600.049 1449.93600.67-.013964              5              0                    R 27      4556631011 5 5 1 8    57.0   55.0
 5110488.815256 6.948E-31 1.438E-09.05450.059  403.46120.71-.011548              5              0                    R 14      4556631011 5 5 1 8    31.0   29.0
 5110489.406415 6.521E-31 7.450E-08.04650.049 1346.60080.67-.013797              5              0                    R 26      4556631011 5 5 1 8    55.0   53.0
 5110489.842643 7.117E-32 1.831E-10.05380.058  461.05450.70-.011748              5              0                    R 15      4556631011 5 5 1 8    33.0   31.0
 5110490.337970 8.249E-31 6.029E-08.04710.050 1247.05920.67-.013626              5              0                    R 25      4556631011 5 5 1 8    53.0   51.0
 5110490.692679 3.798E-32 1.242E-10.05310.057  522.47510.69-.011947              5              0                    R 16      4556631011 5 5 1 8    35.0   33.0
 5110491.090704 1.000E-30 4.771E-08.04770.051 1151.31500.67-.013452              5              0                    R 24      4556631011 5 5 1 8    51.0   49.0
 5110491.664764 1.155E-30 3.670E-08.04830.051 1059.37180.67-.013274              5              0                    R 23      4556631011 5 5 1 8    49.0   47.0
 5110492.060298 1.262E-30 2.722E-08.04900.052  971.23320.67-.013094              5              0                    R 22      4556631011 5 5 1 8    47.0   45.0
 5110492.177211 9.864E-31 7.540E-09.05100.054  729.67740.67-.012532              5              0                    R 19      4556631011 5 5 1 8    41.0   39.0
 5110492.277452 1.285E-30 1.923E-08.04960.053  886.90240.67-.012909              5              0                    R 21      4556631011 5 5 1 8    45.0   43.0
 5110492.316375 1.199E-30 1.268E-08.05030.053  806.38280.67-.012722              5              0                    R 20      4556631011 5 5 1 8    43.0   41.0
