 61  650.071985 7.665E-32 8.587E-07.05300.070 3121.70650.64-.001300    0 2 0 0 1E     0 0 0 2 1F2   11F2 49        10F1  4     434332453638 7 1 7    69.0   63.0
 61  650.108203 2.391E-33 1.117E-08.05600.074 2902.40090.69-.001300    0 2 0 0 1E     0 0 0 2 1F2    9F1 44         8F2  2     354332453638 7 1 7    57.0   51.0
 61  650.256863 3.711E-31 5.041E-06.04800.068 3178.38600.64-.001301    0 0 1 0 1F2    0 0 0 2 1F2   12F2 47        11F1  1     434332453638 7 1 7    75.0   69.0
 61  650.450645 9.660E-31 7.855E-06.04900.068 3177.80540.64-.001301    0 0 1 0 1F2    0 0 0 2 1F2   12A1 17        11A2  1     334332453638 7 1 7   125.0  115.0
 61  650.464976 3.913E-31 5.310E-06.04800.068 3178.05830.64-.001301    0 0 1 0 1F2    0 0 0 2 1F2   12F1 46        11F2  1     434332453638 7 1 7    75.0   69.0
 61  650.580428 4.754E-32 9.595E-07.04800.068 3259.66770.64-.001301    0 2 0 0 1E     0 0 0 2 1A1   12F2 57        11F1  7     434332453638 7 1 7    75.0   69.0
 61  650.856264 3.542E-34 7.211E-09.04800.068 3261.28590.64-.001302    0 2 0 0 1E     0 0 0 2 1A1   12F1 55        11F2  7     434332453638 7 1 7    75.0   69.0
 61  650.929002 2.076E-30 3.173E-04.04400.057 3805.91720.58-.001302    0 1 0 0 1E     0 0 0 1 1F2   23F1 27        22F2  1     333333574732 3 3 3   141.0  135.0
 61  651.400440 2.788E-33 3.895E-08.04800.068 3183.50730.64-.001303    0 0 1 0 1F2    0 0 0 2 1F2   12F2 48        11F1  3     334332453638 7 1 7    75.0   69.0
 61  651.432139 1.396E-30 2.137E-04.04400.057 3805.92630.58-.001303    0 1 0 0 1E     0 0 0 1 1F2   23F2 26        22F1  1     333333574732 3 3 3   141.0  135.0
 61  651.629724 3.356E-34 4.689E-09.04800.068 3183.36870.64-.001303    0 0 1 0 1F2    0 0 0 2 1F2   12F1 47        11F2  2     344332453638 7 1 7    75.0   69.0
 61  651.639908 1.282E-30 2.616E-05.04800.068 3261.28590.64-.001303    0 2 0 0 1E     0 0 0 2 1A1   12F1 56        11F2  7     434332453638 7 1 7    75.0   69.0
 61  652.099403 5.085E-32 2.366E-07.05600.074 2900.40990.69-.001304    0 2 0 0 1E     0 0 0 2 1F2    9F1 44         8F2  1     354332453638 7 1 7    57.0   51.0
 61  652.118584 1.043E-31 1.201E-06.05300.070 3126.21440.64-.001304    0 2 0 0 1E     0 0 0 2 1E    11F1 52        10F2  4     334332453638 7 1 7    69.0   63.0
 61  652.148816 1.498E-33 2.097E-08.04800.068 3183.50730.64-.001304    0 0 1 0 1F2    0 0 0 2 1F2   12F2 49        11F1  3     344332453638 7 1 7    75.0   69.0
 61  652.202296 1.996E-33 2.793E-08.04800.068 3183.36870.64-.001304    0 0 1 0 1F2    0 0 0 2 1F2   12F1 48        11F2  2     444332453638 7 1 7    75.0   69.0
 61  652.292185 2.034E-29 1.881E-03.04400.057 3806.84860.58-.001305    0 1 0 0 1E     0 0 0 1 1F2   23A2  9        22A1  2     333333574732 3 3 3   235.0  225.0
 61  652.336980 1.003E-32 7.078E-08.05000.074 2902.56640.69-.001305    0 2 0 0 1E     0 0 0 2 1F2    9E  28         8E   1     454332453638 7 1 7    38.0   34.0
 61  652.456801 3.506E-31 1.070E-05.04000.068 3260.20970.64-.001305    0 2 0 0 1E     0 0 0 2 1A1   12E  38        11E   4     334332453638 7 1 7    50.0   46.0
 61  652.476216 1.161E-33 1.627E-08.04800.068 3183.50730.64-.001305    0 0 1 0 1F2    0 0 0 2 1F2   12F2 50        11F1  3     344332453638 7 1 7    75.0   69.0
 61  652.523054 1.466E-30 2.272E-04.04400.057 3807.79890.58-.001305    0 1 0 0 1E     0 0 0 1 1F2   23F2 27        22F1  4     333333574732 3 3 3   141.0  135.0
 61  652.597618 3.980E-32 1.851E-07.05600.074 2900.02220.69-.001305    0 2 0 0 1E     0 0 0 2 1F2    9F2 41         8F1  1     354332453638 7 1 7    57.0   51.0
 61  652.708628 4.650E-31 9.345E-06.04800.068 3257.53960.64-.001305    0 2 0 0 1E     0 0 0 2 1A1   12F2 57        11F1  6     434332453638 7 1 7    75.0   69.0
 61  652.810306 1.555E-31 3.159E-06.04800.068 3259.66770.64-.001306    0 2 0 0 1E     0 0 0 2 1A1   12F2 58        11F1  7     334332453638 7 1 7    75.0   69.0
 61  652.846059 3.739E-31 7.521E-06.04800.068 3257.63210.64-.001306    0 2 0 0 1E     0 0 0 2 1A1   12F1 54        11F2  6     434332453638 7 1 7    75.0   69.0
 61  652.935194 1.648E-31 1.896E-06.05300.070 3125.43730.64-.001306    0 2 0 0 1E     0 0 0 2 1E    11F2 50        10F1  5     334332453638 7 1 7    69.0   63.0
 61  652.944377 9.824E-31 7.293E-06.05300.073 3016.64700.65-.001306    0 2 0 0 1E     0 0 0 2 1F2   10F2 50         9F1  3     334332453638 7 1 7    63.0   57.0
 61  652.946045 8.675E-31 1.217E-05.04800.068 3183.50730.64-.001306    0 0 1 0 1F2    0 0 0 2 1F2   12F2 51        11F1  3     354332453638 7 1 7    75.0   69.0
 61  652.976755 1.619E-30 1.804E-05.04100.073 3016.70090.65-.001306    0 2 0 0 1E     0 0 0 2 1F2   10E  34         9E   2     334332453638 7 1 7    42.0   38.0
 61  653.079097 8.327E-31 1.168E-05.04800.068 3183.36870.64-.001306    0 0 1 0 1F2    0 0 0 2 1F2   12F1 49        11F2  2     354332453638 7 1 7    75.0   69.0
 61  653.221758 3.694E-32 1.741E-07.05600.074 2902.40090.69-.001306    0 2 0 0 1E     0 0 0 2 1F2    9F1 45         8F2  2     454332453638 7 1 7    57.0   51.0
 61  653.230210 7.030E-30 6.489E-04.04400.057 3805.91060.58-.001306    0 1 0 0 1E     0 0 0 1 1F2   23A2  9        22A1  1     333333574732 3 3 3   235.0  225.0
 61  653.256041 1.304E-30 9.689E-06.05300.073 3016.64700.65-.001307    0 2 0 0 1E     0 0 0 2 1F2   10F2 51         9F1  3     334332453638 7 1 7    63.0   57.0
 61  653.439197 3.363E-30 1.499E-05.05000.073 3016.54320.65-.001307    0 2 0 0 1E     0 0 0 2 1F2   10A2 16         9A1  1     434332453638 7 1 7   105.0   95.0
 61  653.456808 1.072E-29 1.658E-03.04400.057 3806.86520.58-.001307    0 1 0 0 1E     0 0 0 1 1F2   23F2 27        22F1  3     333333574732 3 3 3   141.0  135.0
 61  653.883992 2.441E-31 6.898E-07.05300.074 2901.89920.69-.001308    0 2 0 0 1E     0 0 0 2 1F2    9A1 14         8A2  1     354332453638 7 1 7    95.0   85.0
 61  653.951079 1.088E-30 1.681E-04.04400.057 3806.37090.58-.001308    0 1 0 0 1E     0 0 0 1 1F2   23F2 27        22F1  2     333333574732 3 3 3   141.0  135.0
 61  653.974179 7.748E-30 1.800E-03.04400.057 3806.87280.58-.001308    0 1 0 0 1E     0 0 0 1 1F2   23E  18        22E   2     333333574732 3 3 3    94.0   90.0
 61  654.144784 3.077E-30 2.155E-03.04300.056 4042.32590.58-.001308    0 1 0 0 1E     0 0 0 1 1F2   24E  18        23E   4     333333574732 3 3 3    98.0   94.0
 61  654.153887 4.619E-30 2.157E-03.04300.056 4042.32590.58-.001308    0 1 0 0 1E     0 0 0 1 1F2   24F2 26        23F1  6     333333574732 3 3 3   147.0  141.0
 61  654.172306 7.709E-30 2.160E-03.04300.056 4042.32590.58-.001308    0 1 0 0 1E     0 0 0 1 1F2   24A2  9        23A1  2     333333574732 3 3 3   245.0  235.0
 61  654.395693 2.725E-30 4.207E-04.04400.057 3805.92630.58-.001309    0 1 0 0 1E     0 0 0 1 1F2   23F2 27        22F1  1     333333574732 3 3 3   141.0  135.0
 61  654.509964 9.841E-32 1.989E-06.04800.068 3257.63210.64-.001309    0 2 0 0 1E     0 0 0 2 1A1   12F1 55        11F2  6     434332453638 7 1 7    75.0   69.0
 61  654.518114 3.411E-31 9.554E-07.05300.074 2899.69170.69-.001309    0 2 0 0 1E     0 0 0 2 1F2    9A2 16         8A1  1     454332453638 7 1 7    95.0   85.0
 61  654.622977 9.932E-32 4.645E-07.05600.074 2900.02220.69-.001309    0 2 0 0 1E     0 0 0 2 1F2    9F2 42         8F1  1     454332453638 7 1 7    57.0   51.0
 61  654.656647 1.180E-33 2.457E-08.04000.068 3180.29590.64-.001309    0 0 1 0 1F2    0 0 0 2 1F2   12E  32        11E   1     434332453638 7 1 7    50.0   46.0
 61  654.834740 6.391E-34 8.868E-09.04800.068 3180.07300.64-.001310    0 0 1 0 1F2    0 0 0 2 1F2   12F2 48        11F1  2     334332453638 7 1 7    75.0   69.0
 61  654.861593 2.812E-30 6.522E-04.04400.057 3805.98530.58-.001310    0 1 0 0 1E     0 0 0 1 1F2   23E  18        22E   1     333333574732 3 3 3    94.0   90.0
 61  654.892293 1.688E-30 1.180E-05.05000.070 3126.95560.64-.001310    0 2 0 0 1E     0 0 0 2 1E    11A1 16        10A2  1     334332453638 7 1 7   115.0  105.0
 61  654.926594 9.106E-32 1.057E-06.05300.070 3126.21440.64-.001310    0 2 0 0 1E     0 0 0 2 1E    11F1 53        10F2  4     334332453638 7 1 7    69.0   63.0
 61  654.938506 5.394E-32 1.091E-06.04800.068 3257.53960.64-.001310    0 2 0 0 1E     0 0 0 2 1A1   12F2 58        11F1  6     334332453638 7 1 7    75.0   69.0
 61  655.184963 9.092E-31 1.147E-05.04900.068 3265.45120.64-.001310    0 2 0 0 1E     0 0 0 2 1A1   12A1 22        11A2  3     334332453638 7 1 7   125.0  115.0
 61  655.212958 9.788E-32 4.594E-07.05600.074 2900.40990.69-.001310    0 2 0 0 1E     0 0 0 2 1F2    9F1 45         8F2  1     454332453638 7 1 7    57.0   51.0
 61  655.293608 2.960E-33 5.996E-08.04800.068 3257.63210.64-.001311    0 2 0 0 1E     0 0 0 2 1A1   12F1 56        11F2  6     434332453638 7 1 7    75.0   69.0
 61  655.408972 7.488E-31 1.575E-05.04800.068 3265.36040.64-.001311    0 2 0 0 1E     0 0 0 2 1A1   12F1 57        11F2  8     334332453638 7 1 7    75.0   69.0
 61  655.425931 7.925E-30 1.229E-03.04400.057 3806.31360.58-.001311    0 1 0 0 1E     0 0 0 1 1F2   23F1 28        22F2  3     333333574732 3 3 3   141.0  135.0
 61  655.583116 7.772E-33 1.081E-07.04800.068 3180.07300.64-.001311    0 0 1 0 1F2    0 0 0 2 1F2   12F2 49        11F1  2     344332453638 7 1 7    75.0   69.0
 61  655.654913 5.960E-31 1.881E-05.04000.068 3265.21800.64-.001311    0 2 0 0 1E     0 0 0 2 1A1   12E  39        11E   5     334332453638 7 1 7    50.0   46.0
 61  655.669163 4.775E-32 2.240E-07.05600.074 2900.02220.69-.001311    0 2 0 0 1E     0 0 0 2 1F2    9F2 43         8F1  1     454332453638 7 1 7    57.0   51.0
 61  655.711401 2.259E-31 4.719E-06.04000.068 3180.29590.64-.001311    0 0 1 0 1F2    0 0 0 2 1F2   12E  33        11E   1     344332453638 7 1 7    50.0   46.0
 61  655.712835 8.197E-30 1.271E-03.04400.057 3806.02670.58-.001311    0 1 0 0 1E     0 0 0 1 1F2   23F1 28        22F2  2     333333574732 3 3 3   141.0  135.0
 61  655.910516 3.005E-31 4.182E-06.04800.068 3180.07300.64-.001312    0 0 1 0 1F2    0 0 0 2 1F2   12F2 50        11F1  2     344332453638 7 1 7    75.0   69.0
 61  656.358383 7.449E-31 8.684E-06.05300.070 3126.21440.64-.001313    0 2 0 0 1E     0 0 0 2 1E    11F1 54        10F2  4     434332453638 7 1 7    69.0   63.0
 61  656.380345 1.512E-34 2.107E-09.04800.068 3180.07300.64-.001313    0 0 1 0 1F2    0 0 0 2 1F2   12F2 51        11F1  2     354332453638 7 1 7    75.0   69.0
 61  656.458862 2.155E-30 4.531E-05.04800.068 3264.63450.64-.001313    0 2 0 0 1E     0 0 0 2 1A1   12F2 59        11F1  8     334332453638 7 1 7    75.0   69.0
 61  656.521939 1.780E-34 2.461E-09.04800.068 3178.38600.64-.001313    0 0 1 0 1F2    0 0 0 2 1F2   12F2 48        11F1  1     334332453638 7 1 7    75.0   69.0
 61  656.665994 4.498E-33 5.135E-08.05300.070 3121.70650.64-.001313    0 2 0 0 1E     0 0 0 2 1F2   11F2 50        10F1  4     334332453638 7 1 7    69.0   63.0
 61  656.700560 5.183E-35 5.673E-10.05300.070 3113.01830.64-.001313    0 2 0 0 1E     0 0 0 2 1F2   11F1 49        10F2  3     334332453638 7 1 7    69.0   63.0
 61  656.705255 4.686E-35 5.127E-10.05300.070 3112.96390.64-.001313    0 2 0 0 1E     0 0 0 2 1F2   11F2 48        10F1  3     334332453638 7 1 7    69.0   63.0
 61  656.712862 3.339E-31 2.783E-06.04900.068 3179.20170.64-.001313    0 0 1 0 1F2    0 0 0 2 1F2   12A2 16        11A1  1     344332453638 7 1 7   125.0  115.0
 61  656.893085 6.363E-35 1.344E-09.04800.068 3265.36040.64-.001314    0 2 0 0 1E     0 0 0 2 1A1   12F1 58        11F2  8     344332453638 7 1 7    75.0   69.0
 61  656.939924 4.995E-34 6.904E-09.04800.068 3178.05830.64-.001314    0 0 1 0 1F2    0 0 0 2 1F2   12F1 47        11F2  1     334332453638 7 1 7    75.0   69.0
 61  657.155331 1.545E-33 4.896E-08.04000.068 3265.21800.64-.001314    0 2 0 0 1E     0 0 0 2 1A1   12E  40        11E   5     334332453638 7 1 7    50.0   46.0
 61  657.270315 1.165E-31 1.614E-06.04800.068 3178.38600.64-.001315    0 0 1 0 1F2    0 0 0 2 1F2   12F2 49        11F1  1     344332453638 7 1 7    75.0   69.0
 61  657.368879 8.537E-31 9.944E-06.05300.070 3125.43730.64-.001315    0 2 0 0 1E     0 0 0 2 1E    11F2 51        10F1  5     334332453638 7 1 7    69.0   63.0
 61  657.428112 1.423E-31 1.019E-06.05000.074 2902.56640.69-.001315    0 2 0 0 1E     0 0 0 2 1F2    9E  29         8E   1     354332453638 7 1 7    38.0   34.0
 61  657.512496 9.054E-32 1.254E-06.04800.068 3178.05830.64-.001315    0 0 1 0 1F2    0 0 0 2 1F2   12F1 48        11F2  1     444332453638 7 1 7    75.0   69.0
 61  657.591646 1.738E-31 8.293E-07.05600.074 2902.40090.69-.001315    0 2 0 0 1E     0 0 0 2 1F2    9F1 46         8F2  2     354332453638 7 1 7    57.0   51.0
 61  657.597716 2.790E-33 3.870E-08.04800.068 3178.38600.64-.001315    0 0 1 0 1F2    0 0 0 2 1F2   12F2 50        11F1  1     344332453638 7 1 7    75.0   69.0
 61  657.669750 1.177E-31 9.770E-07.04900.068 3177.80540.64-.001315    0 0 1 0 1F2    0 0 0 2 1F2   12A1 18        11A2  1     334332453638 7 1 7   125.0  115.0
 61  657.776065 7.625E-36 3.640E-11.05600.074 2902.40090.69-.001316    0 2 0 0 1E     0 0 0 2 1F2    9F1 47         8F2  2     344332453638 7 1 7    57.0   51.0
 61  657.792652 1.418E-30 2.230E-04.04400.057 3807.79810.58-.001316    0 1 0 0 1E     0 0 0 1 1F2   23F1 29        22F2  4     333333574732 3 3 3   141.0  135.0
 61  657.796172 1.466E-32 1.710E-07.05300.070 3125.43730.64-.001316    0 2 0 0 1E     0 0 0 2 1E    11F2 52        10F1  5     434332453638 7 1 7    69.0   63.0
 61  657.817334 1.675E-33 3.535E-08.04800.068 3264.63450.64-.001316    0 2 0 0 1E     0 0 0 2 1A1   12F2 60        11F1  8     334332453638 7 1 7    75.0   69.0
 61  657.985934 7.698E-34 8.456E-09.05300.070 3113.01830.64-.001316    0 2 0 0 1E     0 0 0 2 1F2   11F1 50        10F2  3     454332453638 7 1 7    69.0   63.0
 61  658.067545 1.287E-34 1.788E-09.04800.068 3178.38600.64-.001316    0 0 1 0 1F2    0 0 0 2 1F2   12F2 51        11F1  1     354332453638 7 1 7    75.0   69.0
 61  658.303078 3.247E-30 5.092E-04.04400.057 3806.86520.58-.001317    0 1 0 0 1E     0 0 0 1 1F2   23F2 28        22F1  3     333333574732 3 3 3   141.0  135.0
 61  658.389297 1.079E-34 1.498E-09.04800.068 3178.05830.64-.001317    0 0 1 0 1F2    0 0 0 2 1F2   12F1 49        11F2  1     354332453638 7 1 7    75.0   69.0
 61  658.394014 1.376E-33 2.528E-08.04800.068 3235.72460.64-.001317    0 2 0 0 1E     0 0 0 2 1E    12F1 51        11F2  5     334332453638 7 1 7    75.0   69.0
 61  658.539177 2.659E-30 6.259E-04.04400.057 3806.87280.58-.001317    0 1 0 0 1E     0 0 0 1 1F2   23E  19        22E   2     333333574732 3 3 3    94.0   90.0
 61  658.616279 3.666E-33 4.034E-08.05300.070 3113.01830.64-.001317    0 2 0 0 1E     0 0 0 2 1F2   11F1 51        10F2  3     354332453638 7 1 7    69.0   63.0
 61  658.797350 1.027E-29 1.609E-03.04400.057 3806.37090.58-.001318    0 1 0 0 1E     0 0 0 1 1F2   23F2 28        22F1  2     333333574732 3 3 3   141.0  135.0
 61  658.814585 1.786E-33 1.966E-08.05300.070 3112.96390.64-.001318    0 2 0 0 1E     0 0 0 2 1F2   11F2 49        10F1  3     454332453638 7 1 7    69.0   63.0
 61  659.241964 2.081E-30 3.257E-04.04400.057 3805.92630.58-.001318    0 1 0 0 1E     0 0 0 1 1F2   23F2 28        22F1  1     333333574732 3 3 3   141.0  135.0
 61  659.277163 1.334E-30 2.092E-04.04400.057 3806.31360.58-.001319    0 1 0 0 1E     0 0 0 1 1F2   23F1 29        22F2  3     333333574732 3 3 3   141.0  135.0
 61  659.426592 7.791E-30 1.831E-03.04400.057 3805.98530.58-.001319    0 1 0 0 1E     0 0 0 1 1F2   23E  19        22E   1     333333574732 3 3 3    94.0   90.0
 61  659.483372 3.185E-32 6.645E-07.04800.068 3261.28590.64-.001319    0 2 0 0 1E     0 0 0 2 1A1   12F1 57        11F2  7     334332453638 7 1 7    75.0   69.0
 61  659.537041 2.019E-35 3.481E-10.04100.070 3121.45870.64-.001319    0 2 0 0 1E     0 0 0 2 1F2   11E  34        10E   3     444332453638 7 1 7    46.0   42.0
 61  659.564066 2.622E-30 4.109E-04.04400.057 3806.02670.58-.001319    0 1 0 0 1E     0 0 0 1 1F2   23F1 29        22F2  2     333333574732 3 3 3   141.0  135.0
 61  659.582846 4.082E-32 1.940E-07.05600.074 2900.40990.69-.001319    0 2 0 0 1E     0 0 0 2 1F2    9F1 46         8F2  1     334332453638 7 1 7    57.0   51.0
 61  659.673505 1.051E-29 1.647E-03.04400.057 3805.91720.58-.001319    0 1 0 0 1E     0 0 0 1 1F2   23F1 29        22F2  1     333333574732 3 3 3   141.0  135.0
 61  659.767265 2.174E-32 1.034E-07.05600.074 2900.40990.69-.001320    0 2 0 0 1E     0 0 0 2 1F2    9F1 47         8F2  1     334332453638 7 1 7    57.0   51.0
 61  660.239171 1.625E-32 7.722E-08.05600.074 2900.02220.69-.001320    0 2 0 0 1E     0 0 0 2 1F2    9F2 44         8F1  1     334332453638 7 1 7    57.0   51.0
 61  660.265106 1.851E-32 3.388E-07.04800.068 3233.86720.64-.001321    0 2 0 0 1E     0 0 0 2 1E    12F2 52        11F1  5     334332453638 7 1 7    75.0   69.0
 61  660.663213 4.849E-32 1.515E-06.04000.068 3260.20970.64-.001321    0 2 0 0 1E     0 0 0 2 1A1   12E  39        11E   4     334332453638 7 1 7    50.0   46.0
 61  660.967485 4.197E-30 8.794E-05.04800.068 3261.28590.64-.001322    0 2 0 0 1E     0 0 0 2 1A1   12F1 58        11F2  7     334332453638 7 1 7    75.0   69.0
 61  661.099679 3.305E-31 3.821E-06.05300.070 3121.70650.64-.001322    0 2 0 0 1E     0 0 0 2 1F2   11F2 51        10F1  4     334332453638 7 1 7    69.0   63.0
 61  661.425662 4.326E-33 9.005E-08.04800.068 3259.66770.64-.001323    0 2 0 0 1E     0 0 0 2 1A1   12F2 59        11F1  7     334332453638 7 1 7    75.0   69.0
 61  661.526972 5.213E-31 6.033E-06.05300.070 3121.70650.64-.001323    0 2 0 0 1E     0 0 0 2 1F2   11F2 52        10F1  4     434332453638 7 1 7    69.0   63.0
 61  661.626578 7.308E-31 1.268E-05.04100.070 3121.45870.64-.001323    0 2 0 0 1E     0 0 0 2 1F2   11E  35        10E   3     334332453638 7 1 7    46.0   42.0
 61  662.163631 3.219E-30 1.010E-04.04000.068 3260.20970.64-.001324    0 2 0 0 1E     0 0 0 2 1A1   12E  40        11E   4     334332453638 7 1 7    50.0   46.0
 61  662.297474 5.173E-31 1.433E-05.04000.068 3234.51200.64-.001325    0 2 0 0 1E     0 0 0 2 1E    12E  35        11E   3     334332453638 7 1 7    50.0   46.0
 61  662.623048 5.101E-30 2.407E-03.04300.056 4039.59650.58-.001325    0 1 0 0 1E     0 0 0 1 1F2   24F2 27        23F1  5     333333574732 3 3 3   147.0  141.0
 61  662.764394 5.164E-30 2.438E-03.04300.056 4039.59620.58-.001326    0 1 0 0 1E     0 0 0 1 1F2   24F1 26        23F2  5     333333574732 3 3 3   147.0  141.0
 61  662.784134 5.131E-30 1.072E-04.04800.068 3259.66770.64-.001326    0 2 0 0 1E     0 0 0 2 1A1   12F2 60        11F1  7     334332453638 7 1 7    75.0   69.0
 61  662.879730 7.998E-31 1.475E-05.04800.068 3233.86720.64-.001326    0 2 0 0 1E     0 0 0 2 1E    12F2 53        11F1  5     334332453638 7 1 7    75.0   69.0
 61  663.137072 1.267E-33 2.624E-08.04800.068 3257.63210.64-.001326    0 2 0 0 1E     0 0 0 2 1A1   12F1 57        11F2  6     334332453638 7 1 7    75.0   69.0
 61  663.241725 1.442E-31 2.685E-06.04800.068 3235.72460.64-.001326    0 2 0 0 1E     0 0 0 2 1E    12F1 53        11F2  5     334332453638 7 1 7    75.0   69.0
 61  663.553862 1.465E-34 3.036E-09.04800.068 3257.53960.64-.001327    0 2 0 0 1E     0 0 0 2 1A1   12F2 59        11F1  6     334332453638 7 1 7    75.0   69.0
 61  663.671162 9.174E-32 1.092E-06.05300.070 3126.21440.64-.001327    0 2 0 0 1E     0 0 0 2 1E    11F1 55        10F2  4     334332453638 7 1 7    69.0   63.0
 61  663.848526 1.398E-30 1.543E-05.04900.068 3232.79050.64-.001328    0 2 0 0 1E     0 0 0 2 1F2   12A2 17        11A1  2     434332453638 7 1 7   125.0  115.0
 61  664.442283 2.285E-31 6.367E-06.04000.068 3234.51200.64-.001329    0 2 0 0 1E     0 0 0 2 1E    12E  36        11E   3     334332453638 7 1 7    50.0   46.0
 61  664.466079 1.572E-31 1.875E-06.05300.070 3126.21440.64-.001329    0 2 0 0 1E     0 0 0 2 1E    11F1 56        10F2  4     334332453638 7 1 7    69.0   63.0
 61  664.473911 2.333E-31 2.772E-06.05300.070 3125.43730.64-.001329    0 2 0 0 1E     0 0 0 2 1E    11F2 53        10F1  5     334332453638 7 1 7    69.0   63.0
 61  664.484309 1.093E-30 1.744E-04.04400.057 3806.86520.58-.001329    0 1 0 0 1E     0 0 0 1 1F2   23F2 29        22F1  3     333333574732 3 3 3   141.0  135.0
 61  664.518171 5.950E-30 5.697E-04.04400.057 3806.84860.58-.001329    0 1 0 0 1E     0 0 0 1 1F2   23A2 10        22A1  2     333333574732 3 3 3   235.0  225.0
 61  664.527821 6.918E-32 1.281E-06.04800.068 3233.86720.64-.001329    0 2 0 0 1E     0 0 0 2 1E    12F2 54        11F1  5     434332453638 7 1 7    75.0   69.0
 61  664.621185 5.389E-33 1.121E-07.04800.068 3257.63210.64-.001329    0 2 0 0 1E     0 0 0 2 1A1   12F1 58        11F2  6     334332453638 7 1 7    75.0   69.0
 61  664.912334 1.607E-31 3.343E-06.04800.068 3257.53960.64-.001330    0 2 0 0 1E     0 0 0 2 1A1   12F2 60        11F1  6     334332453638 7 1 7    75.0   69.0
 61  664.951306 8.273E-31 1.500E-05.04800.068 3229.18120.64-.001330    0 2 0 0 1E     0 0 0 2 1F2   12F2 52        11F1  4     334332453638 7 1 7    75.0   69.0
 61  664.978580 4.170E-30 6.647E-04.04400.057 3806.37090.58-.001330    0 1 0 0 1E     0 0 0 1 1F2   23F2 29        22F1  2     333333574732 3 3 3   141.0  135.0
 61  664.995983 2.801E-32 1.853E-07.05300.073 2985.86690.65-.001330    0 2 0 0 1A1    0 0 0 2 1F2   10F2 45         9F1  2     344332453638 7 1 7    63.0   57.0
 61  665.018265 6.482E-30 1.033E-03.04400.057 3806.31360.58-.001330    0 1 0 0 1E     0 0 0 1 1F2   23F1 30        22F2  3     333333574732 3 3 3   141.0  135.0
 61  665.102120 3.193E-29 4.283E-03.05000.068 3710.13940.64-.001300    0 0 0 3 1F2    0 0 1 0 1F2   10A1  2        11A2 15     334332453638 7 1 7   105.0  115.0
 61  665.150310 7.235E-32 8.614E-07.05300.070 3125.43730.64-.001330    0 2 0 0 1E     0 0 0 2 1E    11F2 54        10F1  5     334332453638 7 1 7    69.0   63.0
 61  665.162248 2.563E-29 2.450E-03.04400.057 3806.15160.58-.001330    0 1 0 0 1E     0 0 0 1 1F2   23A1 10        22A2  1     333333574732 3 3 3   235.0  225.0
 61  665.260295 3.090E-32 2.043E-07.05300.073 2985.60010.65-.001331    0 2 0 0 1A1    0 0 0 2 1F2   10F1 42         9F2  2     344332453638 7 1 7    63.0   57.0
 61  665.283314 7.957E-31 1.441E-05.04800.068 3228.83540.64-.001331    0 2 0 0 1E     0 0 0 2 1F2   12F1 51        11F2  4     334332453638 7 1 7    75.0   69.0
 61  665.287194 1.453E-31 2.697E-06.04800.068 3233.86720.64-.001331    0 2 0 0 1E     0 0 0 2 1E    12F2 55        11F1  5     334332453638 7 1 7    75.0   69.0
 61  665.305168 5.126E-30 8.165E-04.04400.057 3806.02670.58-.001331    0 1 0 0 1E     0 0 0 1 1F2   23F1 30        22F2  2     333333574732 3 3 3   141.0  135.0
 61  665.414607 3.608E-30 5.746E-04.04400.057 3805.91720.58-.001331    0 1 0 0 1E     0 0 0 1 1F2   23F1 30        22F2  1     333333574732 3 3 3   141.0  135.0
 61  665.423194 1.001E-29 1.594E-03.04400.057 3805.92630.58-.001331    0 1 0 0 1E     0 0 0 1 1F2   23F2 29        22F1  1     333333574732 3 3 3   141.0  135.0
 61  665.456197 1.991E-29 1.903E-03.04400.057 3805.91060.58-.001331    0 1 0 0 1E     0 0 0 1 1F2   23A2 10        22A1  1     333333574732 3 3 3   235.0  225.0
 61  666.292388 1.522E-29 3.415E-03.05300.068 3710.18730.64-.001300    0 0 0 3 1F2    0 0 1 0 1F2   10F1  5        11F2 43     434332453638 7 1 7    63.0   69.0
 61  667.377889 4.978E-34 3.310E-09.05300.073 2985.60010.65-.001335    0 2 0 0 1E     0 0 0 2 1F2   10F1 43         9F2  2     434332453638 7 1 7    63.0   57.0
 61  667.494091 3.062E-30 2.170E-05.05000.070 3122.40870.64-.001335    0 2 0 0 1E     0 0 0 2 1F2   11A2 19        10A1  2     334332453638 7 1 7   115.0  105.0
 61  667.565930 7.661E-33 1.399E-07.04800.068 3229.18120.64-.001335    0 2 0 0 1E     0 0 0 2 1F2   12F2 53        11F1  4     334332453638 7 1 7    75.0   69.0
 61  667.757495 1.578E-33 1.038E-08.05300.073 2983.10280.65-.001336    0 2 0 0 1A1    0 0 0 2 1F2   10F1 42         9F2  1     354332453638 7 1 7    63.0   57.0
 61  668.057179 3.954E-35 2.638E-10.05300.073 2985.86690.65-.001336    0 2 0 0 1E     0 0 0 2 1F2   10F2 46         9F1  2     334332453638 7 1 7    63.0   57.0
 61  668.122694 7.288E-33 8.237E-08.05300.070 3113.01830.64-.001336    0 2 0 0 1E     0 0 0 2 1F2   11F1 53        10F2  3     334332453638 7 1 7    69.0   63.0
 61  668.204711 4.910E-31 5.790E-06.05300.070 3121.70650.64-.001336    0 2 0 0 1E     0 0 0 2 1F2   11F2 53        10F1  4     334332453638 7 1 7    69.0   63.0
 61  668.386013 7.996E-30 2.284E-03.04300.056 4038.06970.58-.001337    0 1 0 0 1E     0 0 0 1 1F2   24A1  9        23A2  2     333333574732 3 3 3   245.0  235.0
 61  668.606483 9.827E-35 6.451E-10.05300.073 2982.25630.65-.001337    0 2 0 0 1A1    0 0 0 2 1F2   10F2 45         9F1  1     354332453638 7 1 7    63.0   57.0
 61  668.790630 2.397E-29 3.251E-03.05000.068 3710.32200.64-.001300    0 0 0 3 1F2    0 0 1 0 1F2   10A2  2        11A1 14     334332453638 7 1 7   105.0  115.0
 61  668.876734 4.953E-30 2.361E-03.04300.056 4038.06580.58-.001338    0 1 0 0 1E     0 0 0 1 1F2   24F1 27        23F2  4     333333574732 3 3 3   147.0  141.0
 61  668.881110 4.412E-31 5.213E-06.05300.070 3121.70650.64-.001338    0 2 0 0 1E     0 0 0 2 1F2   11F2 54        10F1  4     334332453638 7 1 7    69.0   63.0
 61  668.941789 8.811E-35 5.885E-10.05300.073 2985.60010.65-.001338    0 2 0 0 1E     0 0 0 2 1F2   10F1 44         9F2  2     434332453638 7 1 7    63.0   57.0
 61  669.073292 2.306E-34 1.543E-09.05300.073 2985.86690.65-.001338    0 2 0 0 1E     0 0 0 2 1F2   10F2 47         9F1  2     334332453638 7 1 7    63.0   57.0
 61  669.094470 6.334E-32 2.517E-07.05000.073 2983.77150.65-.001338    0 2 0 0 1A1    0 0 0 2 1F2   10A1 16         9A2  1     444332453638 7 1 7   105.0   95.0
 61  669.156081 4.497E-31 7.966E-06.04100.070 3121.45870.64-.001338    0 2 0 0 1E     0 0 0 2 1F2   11E  36        10E   3     334332453638 7 1 7    46.0   42.0
 61  669.173849 3.451E-30 2.470E-03.04300.056 4038.06390.58-.001338    0 1 0 0 1E     0 0 0 1 1F2   24E  19        23E   3     333333574732 3 3 3    98.0   94.0
 61  669.214021 3.466E-33 6.358E-08.04800.068 3229.18120.64-.001338    0 2 0 0 1E     0 0 0 2 1F2   12F2 54        11F1  4     434332453638 7 1 7    75.0   69.0
 61  669.554483 1.402E-31 1.591E-06.05300.070 3113.01830.64-.001339    0 2 0 0 1E     0 0 0 2 1F2   11F1 54        10F2  3     434332453638 7 1 7    69.0   63.0
 61  669.648401 7.962E-31 8.368E-06.04900.068 3219.43750.64-.001339    0 2 0 0 1A1    0 0 0 2 1F2   12A1 19        11A2  2     334332453638 7 1 7   125.0  115.0
 61  669.842279 5.446E-32 6.183E-07.05300.070 3112.96390.64-.001340    0 2 0 0 1E     0 0 0 2 1F2   11F2 51        10F1  3     334332453638 7 1 7    69.0   63.0
 61  669.875089 3.864E-32 2.556E-07.05300.073 2983.10280.65-.001340    0 2 0 0 1E     0 0 0 2 1F2   10F1 43         9F2  1     444332453638 7 1 7    63.0   57.0
 61  669.973394 4.627E-32 8.506E-07.04800.068 3229.18120.64-.001340    0 2 0 0 1E     0 0 0 2 1F2   12F2 55        11F1  4     334332453638 7 1 7    75.0   69.0
 61  670.131025 1.405E-32 2.580E-07.04800.068 3228.83540.64-.001340    0 2 0 0 1E     0 0 0 2 1F2   12F1 53        11F2  4     334332453638 7 1 7    75.0   69.0
 61  670.260983 1.792E-30 5.099E-04.04300.056 4036.19470.58-.001341    0 1 0 0 1E     0 0 0 1 1F2   24A1  9        23A2  1     333333574732 3 3 3   245.0  235.0
 61  670.269572 2.420E-31 2.751E-06.05300.070 3112.96390.64-.001341    0 2 0 0 1E     0 0 0 2 1F2   11F2 52        10F1  3     434332453638 7 1 7    69.0   63.0
 61  670.289499 2.587E-32 2.566E-07.04100.073 2982.76000.65-.001341    0 2 0 0 1E     0 0 0 2 1F2   10E  30         9E   1     444332453638 7 1 7    42.0   38.0
 61  671.438989 1.749E-33 1.162E-08.05300.073 2983.10280.65-.001343    0 2 0 0 1E     0 0 0 2 1F2   10F1 44         9F2  1     444332453638 7 1 7    63.0   57.0
 61  671.667679 4.184E-32 2.770E-07.05300.073 2982.25630.65-.001343    0 2 0 0 1E     0 0 0 2 1F2   10F2 46         9F1  1     344332453638 7 1 7    63.0   57.0
 61  672.063587 2.560E-33 2.552E-08.04100.073 2982.76000.65-.001344    0 2 0 0 1E     0 0 0 2 1F2   10E  31         9E   1     344332453638 7 1 7    42.0   38.0
 61  672.524283 1.646E-30 2.495E-03.04200.056 4282.20190.57-.001345    0 1 0 0 1E     0 0 0 1 1F2   25F1 27        24F2  6     333333574732 3 3 3   153.0  147.0
 61  672.539853 1.647E-30 2.497E-03.04200.056 4282.20190.57-.001345    0 1 0 0 1E     0 0 0 1 1F2   25F2 27        24F1  6     333333574732 3 3 3   153.0  147.0
 61  672.547785 3.559E-30 1.707E-03.04300.056 4037.20910.58-.001345    0 1 0 0 1E     0 0 0 1 1F2   24F2 28        23F1  4     333333574732 3 3 3   147.0  141.0
 61  672.683792 2.738E-34 1.818E-09.05300.073 2982.25630.65-.001345    0 2 0 0 1E     0 0 0 2 1F2   10F2 47         9F1  1     344332453638 7 1 7    63.0   57.0
 61  673.142732 1.017E-31 1.930E-06.04800.068 3233.86720.64-.001346    0 2 0 0 1E     0 0 0 2 1E    12F2 56        11F1  5     334332453638 7 1 7    75.0   69.0
 61  673.483267 1.318E-30 6.309E-04.04300.056 4036.27370.58-.001347    0 1 0 0 1E     0 0 0 1 1F2   24F2 28        23F1  2     333333574732 3 3 3   147.0  141.0
 61  673.514478 1.222E-30 5.849E-04.04300.056 4036.24240.58-.001347    0 1 0 0 1E     0 0 0 1 1F2   24F2 28        23F1  1     333333574732 3 3 3   147.0  141.0
 61  674.222513 4.713E-30 2.271E-03.04300.056 4037.19240.58-.001348    0 1 0 0 1E     0 0 0 1 1F2   24F1 28        23F2  3     333333574732 3 3 3   147.0  141.0
 61  674.245795 2.018E-31 2.292E-06.04900.068 3232.79050.64-.001348    0 2 0 0 1E     0 0 0 2 1F2   12A2 18        11A1  2     334332453638 7 1 7   125.0  115.0
 61  674.585883 2.728E-33 1.851E-08.05300.073 2985.60010.65-.001349    0 2 0 0 1E     0 0 0 2 1F2   10F1 45         9F2  2     434332453638 7 1 7    63.0   57.0
 61  674.707514 4.175E-36 7.416E-11.04800.068 3219.41110.64-.001349    0 2 0 0 1E     0 0 0 2 1F2   12F1 51        11F2  3     334332453638 7 1 7    75.0   69.0
 61  674.753559 1.425E-31 2.741E-06.04800.068 3235.72460.64-.001350    0 2 0 0 1E     0 0 0 2 1E    12F1 54        11F2  5     434332453638 7 1 7    75.0   69.0
 61  675.823902 1.254E-30 9.084E-04.04300.056 4036.76560.58-.001352    0 1 0 0 1E     0 0 0 1 1F2   24E  20        23E   2     333333574732 3 3 3    98.0   94.0
 61  676.232459 1.225E-30 5.923E-04.04300.056 4036.77090.58-.001352    0 1 0 0 1E     0 0 0 1 1F2   24F2 29        23F1  3     333333574732 3 3 3   147.0  141.0
 61  676.315855 2.614E-30 1.892E-03.04300.056 4036.27360.58-.001353    0 1 0 0 1E     0 0 0 1 1F2   24E  20        23E   1     333333574732 3 3 3    98.0   94.0
 61  676.351940 1.766E-31 7.160E-07.05000.073 2983.77150.65-.001353    0 2 0 0 1E     0 0 0 2 1F2   10A1 17         9A2  1     434332453638 7 1 7   105.0   95.0
 61  676.380928 1.313E-32 2.514E-07.04800.068 3233.86720.64-.001353    0 2 0 0 1E     0 0 0 2 1E    12F2 57        11F1  5     434332453638 7 1 7    75.0   69.0
 61  676.417464 6.574E-31 1.270E-05.04800.068 3235.72460.64-.001353    0 2 0 0 1E     0 0 0 2 1E    12F1 55        11F2  5     434332453638 7 1 7    75.0   69.0
 61  676.457600 9.537E-34 6.513E-09.05300.073 2985.86690.65-.001353    0 2 0 0 1E     0 0 0 2 1F2   10F2 48         9F1  2     334332453638 7 1 7    63.0   57.0
 61  676.729693 3.078E-30 1.487E-03.04300.056 4036.27370.58-.001353    0 1 0 0 1E     0 0 0 1 1F2   24F2 29        23F1  2     333333574732 3 3 3   147.0  141.0
 61  676.760904 1.575E-30 7.607E-04.04300.056 4036.24240.58-.001354    0 1 0 0 1E     0 0 0 1 1F2   24F2 29        23F1  1     333333574732 3 3 3   147.0  141.0
 61  676.867262 2.311E-30 2.676E-05.05300.070 3113.01830.64-.001354    0 2 0 0 1E     0 0 0 2 1F2   11F1 55        10F2  3     334332453638 7 1 7    69.0   63.0
 61  676.947311 1.443E-30 1.671E-05.05300.070 3112.96390.64-.001354    0 2 0 0 1E     0 0 0 2 1F2   11F2 53        10F1  3     334332453638 7 1 7    69.0   63.0
 61  677.083083 9.206E-32 6.213E-07.05300.073 2983.10280.65-.001354    0 2 0 0 1E     0 0 0 2 1F2   10F1 45         9F2  1     434332453638 7 1 7    63.0   57.0
 61  677.201108 5.352E-33 1.036E-07.04800.068 3235.72460.64-.001354    0 2 0 0 1E     0 0 0 2 1E    12F1 56        11F2  5     434332453638 7 1 7    75.0   69.0
 61  677.373105 3.035E-33 2.075E-08.05300.073 2985.60010.65-.001355    0 2 0 0 1E     0 0 0 2 1F2   10F1 46         9F2  2     334332453638 7 1 7    63.0   57.0
 61  677.411374 6.832E-36 1.834E-10.04000.068 3219.39820.64-.001355    0 2 0 0 1E     0 0 0 2 1F2   12E  35        11E   2     334332453638 7 1 7    50.0   46.0
 61  677.459356 5.831E-32 5.900E-07.04100.073 2982.76000.65-.001355    0 2 0 0 1E     0 0 0 2 1F2   10E  32         9E   1     334332453638 7 1 7    42.0   38.0
 61  677.623710 7.108E-31 8.247E-06.05300.070 3112.96390.64-.001355    0 2 0 0 1E     0 0 0 2 1F2   11F2 54        10F1  3     334332453638 7 1 7    69.0   63.0
 61  677.662179 3.757E-32 4.361E-07.05300.070 3113.01830.64-.001355    0 2 0 0 1E     0 0 0 2 1F2   11F1 56        10F2  3     334332453638 7 1 7    69.0   63.0
 61  677.828932 1.393E-33 2.617E-08.04800.068 3229.18120.64-.001356    0 2 0 0 1E     0 0 0 2 1F2   12F2 56        11F1  4     334332453638 7 1 7    75.0   69.0
 61  678.129373 3.497E-32 2.399E-07.05300.073 2985.86690.65-.001356    0 2 0 0 1E     0 0 0 2 1F2   10F2 49         9F1  2     354332453638 7 1 7    63.0   57.0
 61  678.154601 3.330E-31 9.640E-06.04000.068 3234.51200.64-.001356    0 2 0 0 1E     0 0 0 2 1E    12E  38        11E   3     334332453638 7 1 7    50.0   46.0
 61  678.438043 1.054E-31 7.228E-07.05300.073 2985.60010.65-.001357    0 2 0 0 1E     0 0 0 2 1F2   10F1 47         9F2  2     354332453638 7 1 7    63.0   57.0
 61  678.610806 6.023E-31 1.160E-05.04800.068 3233.86720.64-.001357    0 2 0 0 1E     0 0 0 2 1E    12F2 58        11F1  5     334332453638 7 1 7    75.0   69.0
 61  679.430010 1.412E-30 4.159E-04.04300.056 4038.06970.58-.001359    0 1 0 0 1E     0 0 0 1 1F2   24A1 10        23A2  2     333333574732 3 3 3   245.0  235.0
 61  679.539547 1.341E-33 1.449E-08.04900.068 3219.43750.64-.001359    0 2 0 0 1E     0 0 0 2 1F2   12A1 20        11A2  2     344332453638 7 1 7   125.0  115.0
 61  679.553205 1.362E-29 1.286E-03.05600.073 3481.12210.65-.001300    0 0 0 3 1F2    0 0 1 0 1F2    8F2  2         9F1 34     434332453638 7 1 7    51.0   57.0
 61  679.555225 4.134E-34 7.443E-09.04800.068 3219.41110.64-.001359    0 2 0 0 1E     0 0 0 2 1F2   12F1 53        11F2  3     344332453638 7 1 7    75.0   69.0
 61  679.556183 1.523E-34 4.113E-09.04000.068 3219.39820.64-.001359    0 2 0 0 1E     0 0 0 2 1F2   12E  36        11E   2     344332453638 7 1 7    50.0   46.0
 61  679.632485 1.787E-30 2.060E-05.04900.068 3232.79050.64-.001359    0 2 0 0 1A1    0 0 0 2 1F2   12A2 19        11A1  2     334332453638 7 1 7   125.0  115.0
 61  679.870305 5.895E-32 4.009E-07.05300.073 2983.10280.65-.001360    0 2 0 0 1E     0 0 0 2 1F2   10F1 46         9F2  1     334332453638 7 1 7    63.0   57.0
 61  680.068100 3.497E-31 2.370E-06.05300.073 2982.25630.65-.001360    0 2 0 0 1E     0 0 0 2 1F2   10F2 48         9F1  1     334332453638 7 1 7    63.0   57.0
 61  680.152610 9.694E-30 2.843E-03.04300.056 4036.77820.58-.001360    0 1 0 0 1E     0 0 0 1 1F2   24A2 10        23A1  1     333333574732 3 3 3   245.0  235.0
 61  680.377407 2.286E-30 1.118E-03.04300.056 4036.77090.58-.001361    0 1 0 0 1E     0 0 0 1 1F2   24F2 30        23F1  3     333333574732 3 3 3   147.0  141.0
 61  680.905851 2.552E-30 1.247E-03.04300.056 4036.24240.58-.001362    0 1 0 0 1E     0 0 0 1 1F2   24F2 30        23F1  1     333333574732 3 3 3   147.0  141.0
 61  680.935243 1.548E-31 1.056E-06.05300.073 2983.10280.65-.001362    0 2 0 0 1E     0 0 0 2 1F2   10F1 47         9F2  1     334332453638 7 1 7    63.0   57.0
 61  681.067128 3.372E-34 6.393E-09.04800.068 3229.18120.64-.001362    0 2 0 0 1E     0 0 0 2 1F2   12F2 57        11F1  4     454332453638 7 1 7    75.0   69.0
 61  681.117495 4.061E-30 1.985E-03.04300.056 4036.21690.58-.001362    0 1 0 0 1E     0 0 0 1 1F2   24F1 29        23F2  1     333333574732 3 3 3   147.0  141.0
 61  681.304980 8.537E-30 2.505E-03.04300.056 4036.19470.58-.001363    0 1 0 0 1E     0 0 0 1 1F2   24A1 10        23A2  1     333333574732 3 3 3   245.0  235.0
 61  681.560376 2.992E-30 2.755E-03.04200.056 4279.55680.57-.001363    0 1 0 0 1E     0 0 0 1 1F2   25A2 10        24A1  2     333333574732 3 3 3   255.0  245.0
 61  681.642859 1.496E-33 2.836E-08.04800.068 3228.83540.64-.001363    0 2 0 0 1E     0 0 0 2 1F2   12F1 54        11F2  4     434332453638 7 1 7    75.0   69.0
 61  681.679883 1.812E-30 2.781E-03.04200.056 4279.55670.57-.001363    0 1 0 0 1E     0 0 0 1 1F2   25F2 28        24F1  5     333333574732 3 3 3   153.0  147.0
 61  681.739873 6.447E-32 4.389E-07.05300.073 2982.25630.65-.001363    0 2 0 0 1E     0 0 0 2 1F2   10F2 49         9F1  1     334332453638 7 1 7    63.0   57.0
 61  681.742994 1.217E-30 2.802E-03.04200.056 4279.55670.57-.001363    0 1 0 0 1E     0 0 0 1 1F2   25E  18        24E   4     333333574732 3 3 3   102.0   98.0
 61  683.297006 3.677E-31 7.014E-06.04800.068 3229.18120.64-.001367    0 2 0 0 1E     0 0 0 2 1F2   12F2 58        11F1  4     334332453638 7 1 7    75.0   69.0
 61  683.306764 6.930E-32 1.320E-06.04800.068 3228.83540.64-.001367    0 2 0 0 1E     0 0 0 2 1F2   12F1 55        11F2  4     434332453638 7 1 7    75.0   69.0
 61  683.345278 5.632E-36 5.640E-11.05300.070 3079.43020.64-.001367    0 2 0 0 1A1    0 0 0 2 1F2   11F2 46        10F1  2     334332453638 7 1 7    69.0   63.0
 61  683.724477 2.387E-31 1.663E-06.05300.073 2985.86690.65-.001367    0 2 0 0 1E     0 0 0 2 1F2   10F2 50         9F1  2     334332453638 7 1 7    63.0   57.0
 61  684.036141 1.049E-31 7.314E-07.05300.073 2985.86690.65-.001368    0 2 0 0 1E     0 0 0 2 1F2   10F2 51         9F1  2     334332453638 7 1 7    63.0   57.0
 61  684.090408 6.813E-31 1.300E-05.04800.068 3228.83540.64-.001368    0 2 0 0 1E     0 0 0 2 1F2   12F1 56        11F2  4     434332453638 7 1 7    75.0   69.0
 61  684.244781 2.328E-31 1.622E-06.05300.073 2985.60010.65-.001368    0 2 0 0 1E     0 0 0 2 1F2   10F1 48         9F2  2     334332453638 7 1 7    63.0   57.0
 61  684.438099 2.570E-29 3.841E-03.05300.070 3595.68260.64-.001300    0 0 0 3 1F2    0 0 1 0 1F2    9F1  5        10F2 41     434332453638 7 1 7    57.0   63.0
 61  684.997474 1.013E-29 2.275E-03.04100.070 3595.73680.64-.001300    0 0 0 3 1F2    0 0 1 0 1F2    9E   3        10E  27     434332453638 7 1 7    38.0   42.0
 61  685.044572 6.302E-32 1.247E-06.04800.068 3235.72460.64-.001370    0 2 0 0 1E     0 0 0 2 1E    12F1 57        11F2  5     334332453638 7 1 7    75.0   69.0
 61  685.165820 1.891E-29 1.707E-03.05000.070 3596.59690.64-.001300    0 0 0 3 1F2    0 0 1 0 1F2    9A2  2        10A1 15     334332453638 7 1 7    95.0  105.0
 61  686.098388 6.189E-31 2.578E-06.05000.073 2983.77150.65-.001372    0 2 0 0 1E     0 0 0 2 1F2   10A1 18         9A2  1     334332453638 7 1 7   105.0   95.0
 61  686.361013 1.510E-31 4.471E-06.04000.068 3234.51200.64-.001373    0 2 0 0 1E     0 0 0 2 1E    12E  39        11E   3     334332453638 7 1 7    50.0   46.0
 61  686.528685 8.388E-33 1.666E-07.04800.068 3235.72460.64-.001373    0 2 0 0 1E     0 0 0 2 1E    12F1 58        11F2  5     334332453638 7 1 7    75.0   69.0
 61  686.531484 1.090E-30 5.433E-04.04300.056 4037.20910.58-.001373    0 1 0 0 1E     0 0 0 1 1F2   24F2 31        23F1  4     333333574732 3 3 3   147.0  141.0
 61  686.741981 1.129E-31 7.825E-07.05300.073 2983.10280.65-.001373    0 2 0 0 1E     0 0 0 2 1F2   10F1 48         9F2  1     334332453638 7 1 7    63.0   57.0
 61  686.843678 1.154E-35 1.147E-10.05300.070 3075.93190.64-.001374    0 2 0 0 1A1    0 0 0 2 1F2   11F2 46        10F1  1     334332453638 7 1 7    69.0   63.0
 61  686.917755 2.135E-32 2.217E-07.04100.073 2982.76000.65-.001374    0 2 0 0 1E     0 0 0 2 1F2   10E  34         9E   1     334332453638 7 1 7    42.0   38.0
 61  686.960388 2.586E-30 1.932E-03.04300.056 4036.76560.58-.001374    0 1 0 0 1E     0 0 0 1 1F2   24E  21        23E   2     333333574732 3 3 3    98.0   94.0
 61  686.969732 2.236E-30 1.114E-03.04300.056 4036.77090.58-.001374    0 1 0 0 1E     0 0 0 1 1F2   24F2 31        23F1  3     333333574732 3 3 3   147.0  141.0
 61  687.057971 5.123E-30 2.550E-03.04300.056 4036.65330.58-.001374    0 1 0 0 1E     0 0 0 1 1F2   24F1 30        23F2  2     333333574732 3 3 3   147.0  141.0
 61  687.064637 1.254E-29 1.889E-03.05300.070 3595.83110.64-.001300    0 0 0 3 1F2    0 0 1 0 1F2    9F2  5        10F1 39     434332453638 7 1 7    57.0   63.0
 61  687.226162 3.383E-31 6.673E-06.04800.068 3233.86720.64-.001374    0 2 0 0 1E     0 0 0 2 1E    12F2 59        11F1  5     334332453638 7 1 7    75.0   69.0
 61  687.334977 1.680E-34 1.161E-09.05300.073 2982.25630.65-.001375    0 2 0 0 1E     0 0 0 2 1F2   10F2 50         9F1  1     334332453638 7 1 7    63.0   57.0
 61  687.452341 1.122E-30 8.372E-04.04300.056 4036.27360.58-.001375    0 1 0 0 1E     0 0 0 1 1F2   24E  21        23E   1     333333574732 3 3 3    98.0   94.0
 61  687.466966 1.708E-30 8.497E-04.04300.056 4036.27370.58-.001375    0 1 0 0 1E     0 0 0 1 1F2   24F2 31        23F1  2     333333574732 3 3 3   147.0  141.0
 61  687.646641 2.730E-32 1.889E-07.05300.073 2982.25630.65-.001375    0 2 0 0 1E     0 0 0 2 1F2   10F2 51         9F1  1     334332453638 7 1 7    63.0   57.0
 61  687.707356 9.362E-32 5.697E-07.05000.070 3079.61280.64-.001375    0 2 0 0 1A1    0 0 0 2 1F2   11A2 17        10A1  1     354332453638 7 1 7   115.0  105.0
 61  687.861431 1.737E-31 5.164E-06.04000.068 3234.51200.64-.001376    0 2 0 0 1E     0 0 0 2 1E    12E  40        11E   3     334332453638 7 1 7    50.0   46.0
 61  688.110227 1.666E-30 2.584E-03.04200.056 4278.12320.57-.001376    0 1 0 0 1E     0 0 0 1 1F2   25F1 28        24F2  5     333333574732 3 3 3   153.0  147.0
 61  688.584634 9.331E-32 1.847E-06.04800.068 3233.86720.64-.001377    0 2 0 0 1E     0 0 0 2 1E    12F2 60        11F1  5     334332453638 7 1 7    75.0   69.0
 61  688.663713 1.797E-30 2.792E-03.04200.056 4278.11890.57-.001377    0 1 0 0 1E     0 0 0 1 1F2   25F2 29        24F1  4     333333574732 3 3 3   153.0  147.0
 61  688.848047 1.222E-29 1.854E-03.05300.070 3596.23900.64-.001300    0 0 0 3 1F2    0 0 1 0 1F2    9F1  6        10F2 42     334332453638 7 1 7    57.0   63.0
 61  690.238956 5.342E-34 5.451E-09.05300.070 3079.43020.64-.001380    0 2 0 0 1E     0 0 0 2 1F2   11F2 48        10F1  2     354332453638 7 1 7    69.0   63.0
 61  691.067059 4.736E-33 8.799E-08.04800.068 3219.41110.64-.001382    0 2 0 0 1E     0 0 0 2 1F2   12F1 54        11F2  3     434332453638 7 1 7    75.0   69.0
 61  691.635078 5.872E-34 9.017E-09.04100.070 3079.32370.64-.001383    0 2 0 0 1E     0 0 0 2 1F2   11E  33        10E   2     444332453638 7 1 7    46.0   42.0
 61  691.780611 1.222E-31 1.365E-06.04900.068 3219.43750.64-.001384    0 2 0 0 1A1    0 0 0 2 1F2   12A1 21        11A2  2     434332453638 7 1 7   125.0  115.0
 61  691.912362 1.149E-30 2.244E-05.04800.068 3229.18120.64-.001384    0 2 0 0 1E     0 0 0 2 1F2   12F2 59        11F1  4     334332453638 7 1 7    75.0   69.0
 61  691.933872 1.262E-31 2.460E-06.04800.068 3228.83540.64-.001384    0 2 0 0 1E     0 0 0 2 1F2   12F1 57        11F2  4     334332453638 7 1 7    75.0   69.0
 61  692.285983 2.384E-33 1.469E-08.05000.070 3079.61280.64-.001385    0 2 0 0 1E     0 0 0 2 1F2   11A2 18        10A1  1     344332453638 7 1 7   115.0  105.0
 61  692.348285 8.632E-34 8.859E-09.05300.070 3079.43020.64-.001385    0 2 0 0 1E     0 0 0 2 1F2   11F2 49        10F1  2     444332453638 7 1 7    69.0   63.0
 61  692.730964 8.478E-32 1.582E-06.04800.068 3219.41110.64-.001385    0 2 0 0 1E     0 0 0 2 1F2   12F1 55        11F2  3     434332453638 7 1 7    75.0   69.0
 61  692.911460 6.141E-32 6.232E-07.05300.070 3076.80740.64-.001386    0 2 0 0 1E     0 0 0 2 1F2   11F1 49        10F2  2     354332453638 7 1 7    69.0   63.0
 61  692.948857 1.019E-30 1.596E-03.04200.056 4277.38080.57-.001386    0 1 0 0 1E     0 0 0 1 1F2   25F1 29        24F2  4     333333574732 3 3 3   153.0  147.0
 61  693.268501 1.404E-31 3.936E-06.04000.068 3219.39820.64-.001387    0 2 0 0 1E     0 0 0 2 1F2   12E  38        11E   2     334332453638 7 1 7    50.0   46.0
 61  693.270834 4.157E-32 8.148E-07.04800.068 3229.18120.64-.001387    0 2 0 0 1E     0 0 0 2 1F2   12F2 60        11F1  4     334332453638 7 1 7    75.0   69.0
 61  693.417985 6.233E-31 1.220E-05.04800.068 3228.83540.64-.001387    0 2 0 0 1E     0 0 0 2 1F2   12F1 58        11F2  4     334332453638 7 1 7    75.0   69.0
 61  693.514608 7.580E-32 1.418E-06.04800.068 3219.41110.64-.001387    0 2 0 0 1E     0 0 0 2 1F2   12F1 56        11F2  3     434332453638 7 1 7    75.0   69.0
 61  693.737355 6.133E-32 6.211E-07.05300.070 3075.93190.64-.001387    0 2 0 0 1E     0 0 0 2 1F2   11F2 48        10F1  1     354332453638 7 1 7    69.0   63.0
 61  694.085420 1.335E-29 1.182E-03.05000.070 3587.67720.64-.001300    0 0 0 3 1F2    0 0 1 0 1F2    9A2  2        10A1 14     334332453638 7 1 7    95.0  105.0
 61  694.196834 4.827E-33 4.916E-08.05300.070 3076.80740.64-.001388    0 2 0 0 1E     0 0 0 2 1F2   11F1 50        10F2  2     454332453638 7 1 7    69.0   63.0
 61  694.728760 1.461E-33 1.477E-08.05300.070 3074.99000.64-.001389    0 2 0 0 1E     0 0 0 2 1F2   11F1 49        10F2  1     354332453638 7 1 7    69.0   63.0
 61  694.827179 2.434E-33 2.483E-08.05300.070 3076.80740.64-.001390    0 2 0 0 1E     0 0 0 2 1F2   11F1 51        10F2  2     354332453638 7 1 7    69.0   63.0
 61  694.868889 3.421E-30 3.230E-03.04200.056 4277.29460.57-.001390    0 1 0 0 1E     0 0 0 1 1F2   25A1 10        24A2  1     333333574732 3 3 3   255.0  245.0
 61  695.753678 4.220E-32 6.423E-07.04100.070 3075.20510.64-.001392    0 2 0 0 1E     0 0 0 2 1F2   11E  33        10E   1     454332453638 7 1 7    46.0   42.0
 61  695.846685 4.754E-33 4.842E-08.05300.070 3075.93190.64-.001392    0 2 0 0 1E     0 0 0 2 1F2   11F2 49        10F1  1     454332453638 7 1 7    69.0   63.0
 61  696.014134 4.819E-32 4.888E-07.05300.070 3074.99000.64-.001392    0 2 0 0 1E     0 0 0 2 1F2   11F1 50        10F2  1     454332453638 7 1 7    69.0   63.0
 61  696.644479 1.326E-32 1.347E-07.05300.070 3074.99000.64-.001393    0 2 0 0 1E     0 0 0 2 1F2   11F1 51        10F2  1     354332453638 7 1 7    69.0   63.0
 61  697.700314 1.570E-30 2.478E-03.04200.056 4276.31030.57-.001395    0 1 0 0 1E     0 0 0 1 1F2   25F2 30        24F1  1     333333574732 3 3 3   153.0  147.0
 61  698.265709 3.518E-30 3.336E-03.04200.056 4276.29830.57-.001397    0 1 0 0 1E     0 0 0 1 1F2   25A2 11        24A1  1     333333574732 3 3 3   255.0  245.0
 61  698.942294 1.106E-33 1.155E-08.05300.070 3079.43020.64-.001398    0 2 0 0 1E     0 0 0 2 1F2   11F2 50        10F1  2     334332453638 7 1 7    69.0   63.0
 61  699.693698 2.172E-29 2.279E-03.05600.073 3491.48680.65-.001300    0 0 0 3 1F2    0 0 1 0 1F2    8F2  3         9F1 37     434332453638 7 1 7    51.0   57.0
 61  701.198563 3.484E-30 3.992E-05.04900.068 3219.43750.64-.001402    0 2 0 0 1E     0 0 0 2 1F2   12A1 22        11A2  2     334332453638 7 1 7   125.0  115.0
 61  701.358072 1.836E-30 3.507E-05.04800.068 3219.41110.64-.001403    0 2 0 0 1E     0 0 0 2 1F2   12F1 57        11F2  3     334332453638 7 1 7    75.0   69.0
 61  701.474913 1.171E-30 3.356E-05.04000.068 3219.39820.64-.001403    0 2 0 0 1E     0 0 0 2 1F2   12E  39        11E   2     334332453638 7 1 7    50.0   46.0
 61  701.525584 1.284E-31 1.334E-06.05300.070 3076.80740.64-.001403    0 2 0 0 1E     0 0 0 2 1F2   11F1 52        10F2  2     334332453638 7 1 7    69.0   63.0
 61  701.672041 1.159E-33 1.829E-08.04100.070 3079.32370.64-.001403    0 2 0 0 1E     0 0 0 2 1F2   11E  34        10E   2     434332453638 7 1 7    46.0   42.0
 61  701.912344 1.583E-30 2.535E-03.04200.056 4276.95010.57-.001404    0 1 0 0 1E     0 0 0 1 1F2   25F2 31        24F1  2     333333574732 3 3 3   153.0  147.0
 61  702.440694 1.225E-31 1.270E-06.05300.070 3075.93190.64-.001405    0 2 0 0 1E     0 0 0 2 1F2   11F2 50        10F1  1     334332453638 7 1 7    69.0   63.0
 61  702.589885 1.095E-29 1.162E-03.05600.073 3492.15010.65-.001400    0 0 0 3 1F2    0 0 1 0 1F2    8F1  4         9F2 37     434332453638 7 1 7    51.0   57.0
 61  702.842185 1.357E-31 2.603E-06.04800.068 3219.41110.64-.001406    0 2 0 0 1E     0 0 0 2 1F2   12F1 58        11F2  3     334332453638 7 1 7    75.0   69.0
 61  702.887061 1.325E-30 2.120E-03.04200.056 4276.30590.57-.001406    0 1 0 0 1E     0 0 0 1 1F2   25F1 31        24F2  1     333333574732 3 3 3   153.0  147.0
 61  702.975331 1.050E-31 3.022E-06.04000.068 3219.39820.64-.001406    0 2 0 0 1E     0 0 0 2 1F2   12E  40        11E   2     334332453638 7 1 7    50.0   46.0
 61  702.977171 1.686E-29 1.785E-03.05600.073 3491.48680.65-.001400    0 0 0 3 1F2    0 0 1 0 1F2    8F2  4         9F1 37     434332453638 7 1 7    51.0   57.0
 61  703.084285 1.506E-29 1.596E-03.05600.073 3491.65580.65-.001400    0 0 0 3 1F2    0 0 1 0 1F2    8F1  4         9F2 36     434332453638 7 1 7    51.0   57.0
 61  703.342884 2.084E-33 2.156E-08.05300.070 3074.99000.64-.001407    0 2 0 0 1E     0 0 0 2 1F2   11F1 52        10F2  1     334332453638 7 1 7    69.0   63.0
 61  703.375979 1.636E-32 1.730E-07.05300.070 3079.43020.64-.001407    0 2 0 0 1E     0 0 0 2 1F2   11F2 51        10F1  2     334332453638 7 1 7    69.0   63.0
 61  703.761578 9.270E-32 1.471E-06.04100.070 3079.32370.64-.001408    0 2 0 0 1E     0 0 0 2 1F2   11E  35        10E   2     334332453638 7 1 7    46.0   42.0
 61  703.803272 6.964E-32 7.371E-07.05300.070 3079.43020.64-.001408    0 2 0 0 1E     0 0 0 2 1F2   11F2 52        10F1  2     434332453638 7 1 7    69.0   63.0
 61  703.830691 2.183E-29 3.476E-03.05000.073 3491.57350.65-.001400    0 0 0 3 1F2    0 0 1 0 1F2    8E   3         9E  24     334332453638 7 1 7    34.0   38.0
 61  704.333594 1.789E-32 1.872E-07.05300.070 3076.80740.64-.001409    0 2 0 0 1E     0 0 0 2 1F2   11F1 53        10F2  2     334332453638 7 1 7    69.0   63.0
 61  704.991004 3.124E-29 1.369E-03.05300.074 3388.33330.69-.001400    0 0 0 3 1F2    0 0 1 0 1F2    7A2  1         8A1 11     434332453638 7 1 7    75.0   85.0
 61  705.490415 1.015E-29 4.550E-03.04900.065 3971.46340.62-.001400    0 0 0 3 1F2    0 0 1 0 1F2   12A2  5        13A1 17     334332453638 7 1 7   125.0  135.0
 61  705.755326 1.231E-29 1.314E-03.05600.073 3491.65580.65-.001400    0 0 0 3 1F2    0 0 1 0 1F2    8F1  5         9F2 36     334332453638 7 1 7    51.0   57.0
 61  705.765383 4.712E-32 4.950E-07.05300.070 3076.80740.64-.001412    0 2 0 0 1E     0 0 0 2 1F2   11F1 54        10F2  2     434332453638 7 1 7    69.0   63.0
 61  705.790641 2.845E-31 4.449E-06.04100.070 3075.20510.64-.001412    0 2 0 0 1E     0 0 0 2 1F2   11E  34        10E   1     434332453638 7 1 7    46.0   42.0
 61  706.150894 4.003E-31 4.173E-06.05300.070 3074.99000.64-.001412    0 2 0 0 1E     0 0 0 2 1F2   11F1 53        10F2  1     334332453638 7 1 7    69.0   63.0
 61  706.447348 2.836E-29 1.822E-03.05300.073 3491.97630.65-.001400    0 0 0 3 1F2    0 0 1 0 1F2    8A1  2         9A2 14     434332453638 7 1 7    85.0   95.0
 61  706.874379 3.699E-31 3.881E-06.05300.070 3075.93190.64-.001414    0 2 0 0 1E     0 0 0 2 1F2   11F2 51        10F1  1     334332453638 7 1 7    69.0   63.0
 61  707.301672 1.001E-32 1.051E-07.05300.070 3075.93190.64-.001415    0 2 0 0 1E     0 0 0 2 1F2   11F2 52        10F1  1     434332453638 7 1 7    69.0   63.0
 61  707.582683 1.928E-31 2.017E-06.05300.070 3074.99000.64-.001415    0 2 0 0 1E     0 0 0 2 1F2   11F1 54        10F2  1     434332453638 7 1 7    69.0   63.0
 61  707.880178 7.849E-32 1.234E-06.04100.070 3075.20510.64-.001416    0 2 0 0 1E     0 0 0 2 1F2   11E  35        10E   1     334332453638 7 1 7    46.0   42.0
 61  708.977839 1.053E-30 1.719E-03.04200.056 4277.09310.57-.001418    0 1 0 0 1E     0 0 0 1 1F2   25F1 32        24F2  3     333333574732 3 3 3   153.0  147.0
 61  709.005085 1.684E-30 2.749E-03.04200.056 4277.04160.57-.001418    0 1 0 0 1E     0 0 0 1 1F2   25F2 32        24F1  3     333333574732 3 3 3   153.0  147.0
 61  710.289991 8.171E-31 5.284E-06.05000.070 3079.61280.64-.001421    0 2 0 0 1E     0 0 0 2 1F2   11A2 19        10A1  1     334332453638 7 1 7   115.0  105.0
 61  710.481011 1.718E-31 1.851E-06.05300.070 3079.43020.64-.001421    0 2 0 0 1E     0 0 0 2 1F2   11F2 53        10F1  2     334332453638 7 1 7    69.0   63.0
 61  710.625006 7.338E-32 1.207E-06.04800.068 3183.50730.64-.001421    0 2 0 0 1E     0 0 0 2 1F2   12F2 52        11F1  3     334332453638 7 1 7    75.0   69.0
 61  710.750114 7.518E-32 1.236E-06.04800.068 3183.36870.64-.001422    0 2 0 0 1E     0 0 0 2 1F2   12F1 51        11F2  2     334332453638 7 1 7    75.0   69.0
 61  711.157410 2.010E-31 2.170E-06.05300.070 3079.43020.64-.001422    0 2 0 0 1E     0 0 0 2 1F2   11F2 54        10F1  2     334332453638 7 1 7    69.0   63.0
 61  711.280701 1.444E-34 1.388E-09.04900.068 3177.80540.64-.001423    0 2 0 0 1A1    0 0 0 2 1F2   12A1 19        11A2  1     334332453638 7 1 7   125.0  115.0
 61  711.291081 1.993E-31 3.226E-06.04100.070 3079.32370.64-.001423    0 2 0 0 1E     0 0 0 2 1F2   11E  36        10E   2     334332453638 7 1 7    46.0   42.0
 61  713.078162 1.995E-32 2.137E-07.05300.070 3076.80740.64-.001426    0 2 0 0 1E     0 0 0 2 1F2   11F1 55        10F2  2     334332453638 7 1 7    69.0   63.0
 61  713.239630 3.017E-34 4.996E-09.04800.068 3183.50730.64-.001426    0 2 0 0 1E     0 0 0 2 1F2   12F2 53        11F1  3     354332453638 7 1 7    75.0   69.0
 61  713.873079 4.252E-31 4.564E-06.05300.070 3076.80740.64-.001428    0 2 0 0 1E     0 0 0 2 1F2   11F1 56        10F2  2     334332453638 7 1 7    69.0   63.0
 61  713.979411 4.073E-32 4.355E-07.05300.070 3075.93190.64-.001428    0 2 0 0 1E     0 0 0 2 1F2   11F2 53        10F1  1     334332453638 7 1 7    69.0   63.0
 61  714.059306 3.168E-34 5.171E-09.04800.068 3180.07300.64-.001428    0 2 0 0 1E     0 0 0 2 1F2   12F2 52        11F1  2     334332453638 7 1 7    75.0   69.0
 61  714.655810 2.104E-32 2.254E-07.05300.070 3075.93190.64-.001429    0 2 0 0 1E     0 0 0 2 1F2   11F2 54        10F1  1     334332453638 7 1 7    69.0   63.0
 61  714.887721 1.321E-34 2.197E-09.04800.068 3183.50730.64-.001430    0 2 0 0 1E     0 0 0 2 1F2   12F2 54        11F1  3     454332453638 7 1 7    75.0   69.0
 61  714.895462 3.203E-32 3.417E-07.05300.070 3074.99000.64-.001430    0 2 0 0 1E     0 0 0 2 1F2   11F1 55        10F2  1     334332453638 7 1 7    69.0   63.0
 61  715.409681 5.964E-32 9.567E-07.04100.070 3075.20510.64-.001431    0 2 0 0 1E     0 0 0 2 1F2   11E  36        10E   1     334332453638 7 1 7    46.0   42.0
 61  715.597825 9.085E-34 1.513E-08.04800.068 3183.36870.64-.001431    0 2 0 0 1E     0 0 0 2 1F2   12F1 53        11F2  2     354332453638 7 1 7    75.0   69.0
 61  715.647094 2.272E-33 3.787E-08.04800.068 3183.50730.64-.001431    0 2 0 0 1E     0 0 0 2 1F2   12F2 55        11F1  3     354332453638 7 1 7    75.0   69.0
 61  715.690379 1.055E-32 1.128E-07.05300.070 3074.99000.64-.001431    0 2 0 0 1E     0 0 0 2 1F2   11F1 56        10F2  1     334332453638 7 1 7    69.0   63.0
 61  715.746506 6.734E-34 1.095E-08.04800.068 3178.38600.64-.001431    0 2 0 0 1E     0 0 0 2 1F2   12F2 52        11F1  1     334332453638 7 1 7    75.0   69.0
 61  715.849292 1.145E-30 3.689E-03.04100.055 4526.15950.57-.001432    0 1 0 0 1E     0 0 0 1 1F2   26A1 11        25A2  1     333333574732 3 3 3   265.0  255.0
 61  716.060314 6.089E-34 9.894E-09.04800.068 3178.05830.64-.001432    0 2 0 0 1E     0 0 0 2 1F2   12F1 51        11F2  1     334332453638 7 1 7    75.0   69.0
 61  716.513674 4.593E-32 1.133E-06.04000.068 3180.29590.64-.001433    0 2 0 0 1E     0 0 0 2 1F2   12E  35        11E   1     334332453638 7 1 7    50.0   46.0
 61  716.673930 6.005E-32 9.869E-07.04800.068 3180.07300.64-.001433    0 2 0 0 1E     0 0 0 2 1F2   12F2 53        11F1  2     334332453638 7 1 7    75.0   69.0
 61  717.108248 2.353E-29 1.477E-03.05300.073 3481.31540.65-.001400    0 0 0 3 1F2    0 0 1 0 1F2    8A1  2         9A2 12     434332453638 7 1 7    85.0   95.0
 61  717.437326 1.206E-31 1.187E-06.04900.068 3179.20170.64-.001435    0 2 0 0 1E     0 0 0 2 1F2   12A2 17        11A1  1     434332453638 7 1 7   125.0  115.0
 61  718.322021 1.761E-32 2.907E-07.04800.068 3180.07300.64-.001437    0 2 0 0 1E     0 0 0 2 1F2   12F2 54        11F1  2     454332453638 7 1 7    75.0   69.0
 61  718.361130 9.486E-33 1.553E-07.04800.068 3178.38600.64-.001437    0 2 0 0 1E     0 0 0 2 1F2   12F2 53        11F1  1     334332453638 7 1 7    75.0   69.0
 61  718.658483 8.852E-33 2.196E-07.04000.068 3180.29590.64-.001437    0 2 0 0 1E     0 0 0 2 1F2   12E  36        11E   1     354332453638 7 1 7    50.0   46.0
 61  719.081394 3.053E-33 5.050E-08.04800.068 3180.07300.64-.001438    0 2 0 0 1E     0 0 0 2 1F2   12F2 55        11F1  2     354332453638 7 1 7    75.0   69.0
 61  719.366851 1.044E-28 4.972E-03.05300.074 3397.57300.69-.001400    0 0 0 3 1F2    0 0 1 0 1F2    7A2  2         8A1 12     434332453638 7 1 7    75.0   85.0
 61  719.868229 1.968E-29 2.354E-03.05000.074 3398.22780.69-.001400    0 0 0 3 1F2    0 0 1 0 1F2    7E   2         8E  23     334332453638 7 1 7    30.0   34.0
 61  720.009221 5.270E-32 8.666E-07.04800.068 3178.38600.64-.001440    0 2 0 0 1E     0 0 0 2 1F2   12F2 54        11F1  1     434332453638 7 1 7    75.0   69.0
 61  720.125371 2.126E-29 1.696E-03.05600.074 3398.17770.69-.001400    0 0 0 3 1F2    0 0 1 0 1F2    7F1  3         8F2 34     434332453638 7 1 7    45.0   51.0
 61  720.233933 1.059E-29 4.639E-03.04800.067 3836.45310.63-.001400    0 0 0 3 1F2    0 0 1 0 1F2   11F1 14        12F2 51     334332453638 7 1 7    69.0   75.0
 61  720.251015 6.639E-29 3.174E-03.05300.074 3397.90700.69-.001400    0 0 0 3 1F2    0 0 1 0 1F2    7A1  1         8A2 10     434332453638 7 1 7    75.0   85.0
 61  720.363705 1.068E-29 4.680E-03.04800.067 3836.44730.63-.001400    0 0 0 3 1F2    0 0 1 0 1F2   11F2 13        12F1 49     334332453638 7 1 7    69.0   75.0
 61  720.563171 1.634E-29 1.302E-03.05600.074 3397.74000.69-.001400    0 0 0 3 1F2    0 0 1 0 1F2    7F1  3         8F2 33     434332453638 7 1 7    45.0   51.0
 61  720.628581 3.635E-29 2.896E-03.05600.074 3397.64790.69-.001400    0 0 0 3 1F2    0 0 1 0 1F2    7F2  3         8F1 32     434332453638 7 1 7    45.0   51.0
 61  720.768594 5.882E-33 9.692E-08.04800.068 3178.38600.64-.001442    0 2 0 0 1E     0 0 0 2 1F2   12F2 55        11F1  1     354332453638 7 1 7    75.0   69.0
 61  720.908025 4.003E-32 6.588E-07.04800.068 3178.05830.64-.001442    0 2 0 0 1E     0 0 0 2 1F2   12F1 53        11F2  1     354332453638 7 1 7    75.0   69.0
 61  721.171847 1.052E-31 1.038E-06.04900.068 3177.80540.64-.001442    0 2 0 0 1E     0 0 0 2 1F2   12A1 20        11A2  1     354332453638 7 1 7   125.0  115.0
 61  723.469778 1.699E-29 1.364E-03.05600.074 3397.74000.69-.001400    0 0 0 3 1F2    0 0 1 0 1F2    7F1  4         8F2 33     434332453638 7 1 7    45.0   51.0
 61  723.502632 4.670E-34 7.946E-09.04800.068 3183.50730.64-.001447    0 2 0 0 1E     0 0 0 2 1F2   12F2 56        11F1  3     334332453638 7 1 7    75.0   69.0
 61  726.716215 2.515E-29 1.185E-03.05300.074 3391.44190.69-.001400    0 0 0 3 1F2    0 0 1 0 1F2    7A1  1         8A2  9     434332453638 7 1 7    75.0   85.0
 61  726.740828 5.455E-35 9.360E-10.04800.068 3183.50730.64-.001453    0 2 0 0 1E     0 0 0 2 1F2   12F2 57        11F1  3     434332453638 7 1 7    75.0   69.0
 61  726.834771 1.530E-29 1.202E-03.05600.074 3391.46830.69-.001400    0 0 0 3 1F2    0 0 1 0 1F2    7F1  3         8F2 31     434332453638 7 1 7    45.0   51.0
 61  726.936932 1.255E-31 2.119E-06.04800.068 3180.07300.64-.001454    0 2 0 0 1E     0 0 0 2 1F2   12F2 56        11F1  2     334332453638 7 1 7    75.0   69.0
 61  727.109659 3.474E-35 5.963E-10.04800.068 3183.36870.64-.001454    0 2 0 0 1E     0 0 0 2 1F2   12F1 54        11F2  2     434332453638 7 1 7    75.0   69.0
 61  727.834595 2.221E-31 2.246E-06.04900.068 3179.20170.64-.001456    0 2 0 0 1E     0 0 0 2 1F2   12A2 18        11A1  1     334332453638 7 1 7   125.0  115.0
 61  728.624132 1.077E-32 1.811E-07.04800.068 3178.38600.64-.001457    0 2 0 0 1E     0 0 0 2 1F2   12F2 56        11F1  1     334332453638 7 1 7    75.0   69.0
 61  728.773564 7.960E-33 1.372E-07.04800.068 3183.36870.64-.001458    0 2 0 0 1E     0 0 0 2 1F2   12F1 55        11F2  2     434332453638 7 1 7    75.0   69.0
 61  728.970706 3.928E-32 6.779E-07.04800.068 3183.50730.64-.001458    0 2 0 0 1E     0 0 0 2 1F2   12F2 58        11F1  3     334332453638 7 1 7    75.0   69.0
 61  729.557208 1.331E-31 2.299E-06.04800.068 3183.36870.64-.001459    0 2 0 0 1E     0 0 0 2 1F2   12F1 56        11F2  2     434332453638 7 1 7    75.0   69.0
 61  729.799181 1.068E-29 8.335E-04.05600.074 3388.47730.69-.001400    0 0 0 3 1F2    0 0 1 0 1F2    7F2  3         8F1 29     434332453638 7 1 7    45.0   51.0
 61  730.175128 3.747E-32 6.380E-07.04800.068 3180.07300.64-.001460    0 2 0 0 1E     0 0 0 2 1F2   12F2 57        11F1  2     434332453638 7 1 7    75.0   69.0
 61  730.872618 9.942E-31 3.352E-03.04100.055 4527.41690.57-.001462    0 1 0 0 1E     0 0 0 1 1F2   26A1 12        25A2  2     333333574732 3 3 3   265.0  255.0
 61  731.862328 3.815E-31 6.471E-06.04800.068 3178.38600.64-.001464    0 2 0 0 1E     0 0 0 2 1F2   12F2 57        11F1  1     434332453638 7 1 7    75.0   69.0
 61  732.370801 5.561E-32 1.430E-06.04000.068 3180.29590.64-.001465    0 2 0 0 1E     0 0 0 2 1F2   12E  38        11E   1     334332453638 7 1 7    50.0   46.0
 61  732.405006 1.221E-31 2.091E-06.04800.068 3180.07300.64-.001465    0 2 0 0 1E     0 0 0 2 1F2   12F2 58        11F1  2     334332453638 7 1 7    75.0   69.0
 61  732.419859 4.120E-31 6.987E-06.04800.068 3178.05830.64-.001465    0 2 0 0 1E     0 0 0 2 1F2   12F1 54        11F2  1     434332453638 7 1 7    75.0   69.0
 61  732.715978 2.114E-29 1.662E-03.05600.074 3388.49370.69-.001400    0 0 0 3 1F2    0 0 1 0 1F2    7F1  4         8F2 30     434332453638 7 1 7    45.0   51.0
 61  733.221285 7.911E-31 8.111E-06.04900.068 3179.20170.64-.001466    0 2 0 0 1A1    0 0 0 2 1F2   12A2 19        11A1  1     334332453638 7 1 7   125.0  115.0
 61  733.412911 1.158E-30 1.180E-05.04900.068 3177.80540.64-.001467    0 2 0 0 1A1    0 0 0 2 1F2   12A1 21        11A2  1     434332453638 7 1 7   125.0  115.0
 61  734.083764 2.325E-31 3.960E-06.04800.068 3178.05830.64-.001468    0 2 0 0 1E     0 0 0 2 1F2   12F1 55        11F2  1     434332453638 7 1 7    75.0   69.0
 61  734.092206 2.169E-31 3.700E-06.04800.068 3178.38600.64-.001468    0 2 0 0 1E     0 0 0 2 1F2   12F2 58        11F1  1     334332453638 7 1 7    75.0   69.0
 61  734.378495 4.284E-29 4.080E-03.05600.075 3314.12940.70-.001400    0 0 0 3 1F2    0 0 1 0 1F2    6E   1         7E  19     434332453638 7 1 7    26.0   30.0
 61  734.822460 5.084E-29 3.230E-03.06200.075 3314.06080.70-.001400    0 0 0 3 1F2    0 0 1 0 1F2    6F2  2         7F1 30     434332453638 7 1 7    39.0   45.0
 61  734.867408 1.386E-32 2.365E-07.04800.068 3178.05830.64-.001470    0 2 0 0 1E     0 0 0 2 1F2   12F1 56        11F2  1     434332453638 7 1 7    75.0   69.0
 61  735.092167 2.697E-29 4.399E-03.05000.068 3711.63600.64-.001400    0 0 0 3 1F2    0 0 1 0 1F2   10A1  5        11A2 16     434332453638 7 1 7   105.0  115.0
 61  735.117457 1.649E-29 4.483E-03.05300.068 3711.62770.64-.001400    0 0 0 3 1F2    0 0 1 0 1F2   10F1 12        11F2 45     334332453638 7 1 7    63.0   69.0
 61  735.122382 1.114E-29 4.543E-03.04100.068 3711.62330.64-.001400    0 0 0 3 1F2    0 0 1 0 1F2   10E   8        11E  31     334332453638 7 1 7    42.0   46.0
 61  735.146532 1.117E-29 7.766E-04.05300.073 3492.68460.65-.001400    0 0 0 3 1F2    0 0 1 0 1F2    8A2  2         9A1 12     434332453638 7 1 7    85.0   95.0
 61  737.271627 3.540E-29 2.269E-03.06200.075 3314.55300.70-.001400    0 0 0 3 1F2    0 0 1 0 1F2    6F2  3         7F1 31     434332453638 7 1 7    39.0   45.0
 61  737.400672 4.436E-32 7.819E-07.04800.068 3183.36870.64-.001475    0 2 0 0 1E     0 0 0 2 1F2   12F1 57        11F2  2     334332453638 7 1 7    75.0   69.0
 61  737.442485 5.572E-29 3.569E-03.06200.075 3314.29980.70-.001400    0 0 0 3 1F2    0 0 1 0 1F2    6F1  2         7F2 28     434332453638 7 1 7    39.0   45.0
 61  737.586062 4.413E-31 7.788E-06.04800.068 3183.50730.64-.001475    0 2 0 0 1E     0 0 0 2 1F2   12F2 59        11F1  3     334332453638 7 1 7    75.0   69.0
 61  737.763827 1.726E-29 1.105E-03.06200.075 3314.06080.70-.001400    0 0 0 3 1F2    0 0 1 0 1F2    6F2  3         7F1 30     434332453638 7 1 7    39.0   45.0
 61  738.884785 2.777E-31 4.914E-06.04800.068 3183.36870.64-.001478    0 2 0 0 1E     0 0 0 2 1F2   12F1 58        11F2  2     334332453638 7 1 7    75.0   69.0
 61  738.944534 1.096E-32 1.941E-07.04800.068 3183.50730.64-.001478    0 2 0 0 1E     0 0 0 2 1F2   12F2 60        11F1  3     334332453638 7 1 7    75.0   69.0
 61  740.577213 6.511E-32 1.710E-06.04000.068 3180.29590.64-.001481    0 2 0 0 1E     0 0 0 2 1F2   12E  39        11E   1     334332453638 7 1 7    50.0   46.0
 61  740.611966 1.648E-29 1.099E-03.05300.073 3481.31540.65-.001400    0 0 0 3 1F2    0 0 1 0 1F2    8A1  3         9A2 12     434332453638 7 1 7    85.0   95.0
 61  740.802473 1.303E-29 8.407E-04.06200.075 3314.06080.70-.001400    0 0 0 3 1F2    0 0 1 0 1F2    6F2  4         7F1 30     434332453638 7 1 7    39.0   45.0
 61  741.020362 5.380E-32 9.420E-07.04800.068 3180.07300.64-.001482    0 2 0 0 1E     0 0 0 2 1F2   12F2 59        11F1  2     334332453638 7 1 7    75.0   69.0
 61  742.077631 2.505E-31 6.604E-06.04000.068 3180.29590.64-.001484    0 2 0 0 1E     0 0 0 2 1F2   12E  40        11E   1     334332453638 7 1 7    50.0   46.0
 61  742.378834 3.479E-31 6.113E-06.04800.068 3180.07300.64-.001485    0 2 0 0 1E     0 0 0 2 1F2   12F2 60        11F1  2     334332453638 7 1 7    75.0   69.0
 61  742.707562 2.503E-32 4.366E-07.04800.068 3178.38600.64-.001485    0 2 0 0 1E     0 0 0 2 1F2   12F2 59        11F1  1     334332453638 7 1 7    75.0   69.0
 61  742.710872 4.216E-32 7.342E-07.04800.068 3178.05830.64-.001485    0 2 0 0 1E     0 0 0 2 1F2   12F1 57        11F2  1     334332453638 7 1 7    75.0   69.0
 61  742.830863 8.530E-32 8.904E-07.04900.068 3177.80540.64-.001486    0 2 0 0 1E     0 0 0 2 1F2   12A1 22        11A2  1     334332453638 7 1 7   125.0  115.0
 61  742.977785 1.930E-29 1.220E-03.06200.075 3308.76440.70-.001400    0 0 0 3 1F2    0 0 1 0 1F2    6F1  2         7F2 26     434332453638 7 1 7    39.0   45.0
 61  743.015827 1.937E-29 1.225E-03.06200.075 3308.80880.70-.001400    0 0 0 3 1F2    0 0 1 0 1F2    6F2  3         7F1 28     434332453638 7 1 7    39.0   45.0
 61  744.066034 7.664E-32 1.341E-06.04800.068 3178.38600.64-.001488    0 2 0 0 1E     0 0 0 2 1F2   12F2 60        11F1  1     334332453638 7 1 7    75.0   69.0
 61  744.194985 2.817E-32 4.924E-07.04800.068 3178.05830.64-.001488    0 2 0 0 1E     0 0 0 2 1F2   12F1 58        11F2  1     334332453638 7 1 7    75.0   69.0
