 4113063.502180 1.040E-28 7.105E-07.07220.090  340.12080.77-.012998        2 0 0 5        0 0 0 0                    P 28e     3455431410 5 3 3 3   495.0  513.0
 4113065.465170 1.129E-28 7.143E-07.07250.090  316.67170.76-.012939        2 0 0 5        0 0 0 0                    P 27e     3455431410 5 3 3 3   477.0  495.0
 4113067.386640 1.218E-28 7.179E-07.07290.091  294.05890.75-.012877        2 0 0 5        0 0 0 0                    P 26e     3455431410 5 3 3 3   459.0  477.0
 4113069.266610 1.308E-28 7.216E-07.07330.092  272.28280.74-.012810        2 0 0 5        0 0 0 0                    P 25e     3455431410 5 3 3 3   441.0  459.0
 4113071.105070 1.395E-28 7.249E-07.07360.093  251.34320.74-.012738        2 0 0 5        0 0 0 0                    P 24e     3455431410 5 3 3 3   423.0  441.0
 4113072.902000 1.479E-28 7.282E-07.07410.094  231.24040.73-.012661        2 0 0 5        0 0 0 0                    P 23e     3455431410 5 3 3 3   405.0  423.0
 4113074.657380 1.558E-28 7.316E-07.07450.094  211.97450.73-.012578        2 0 0 5        0 0 0 0                    P 22e     3455431410 5 3 3 3   387.0  405.0
 4113076.371240 1.632E-28 7.349E-07.07490.095  193.54550.73-.012489        2 0 0 5        0 0 0 0                    P 21e     3455431410 5 3 3 3   369.0  387.0
 4113078.043420 1.699E-28 7.383E-07.07540.096  175.95360.73-.012392        2 0 0 5        0 0 0 0                    P 20e     0455431310 5 3 3 3   351.0  369.0
 4113079.588899 1.755E-28 7.415E-07.07590.097  159.19880.73-.012287        2 0 0 5        0 0 0 0                    P 19e     0455431310 5 3 3 3   333.0  351.0
 4113081.263050 1.802E-28 7.448E-07.07650.098  143.28120.73-.012172        2 0 0 5        0 0 0 0                    P 18e     3455431410 5 3 3 3   315.0  333.0
 4113082.810430 1.836E-28 7.483E-07.07700.099  128.20090.73-.012047        2 0 0 5        0 0 0 0                    P 17e     3455431410 5 3 3 3   297.0  315.0
 4113084.316160 1.856E-28 7.517E-07.07770.100  113.95800.73-.011911        2 0 0 5        0 0 0 0                    P 16e     3455431410 5 3 3 3   279.0  297.0
 4113085.780250 1.862E-28 7.553E-07.07830.101  100.55250.72-.011762        2 0 0 5        0 0 0 0                    P 15e     3455431410 5 3 3 3   261.0  279.0
 4113087.202660 1.851E-28 7.590E-07.07910.102   87.98450.72-.011598        2 0 0 5        0 0 0 0                    P 14e     3455431410 5 3 3 3   243.0  261.0
 4113088.583400 1.824E-28 7.629E-07.07990.103   76.25420.72-.011418        2 0 0 5        0 0 0 0                    P 13e     3455431410 5 3 3 3   225.0  243.0
 4113089.922440 1.779E-28 7.672E-07.08090.104   65.36140.72-.011219        2 0 0 5        0 0 0 0                    P 12e     3455431410 5 3 3 3   207.0  225.0
 4113091.219770 1.715E-28 7.718E-07.08200.105   55.30640.72-.011000        2 0 0 5        0 0 0 0                    P 11e     3455431410 5 3 3 3   189.0  207.0
 4113092.475390 1.634E-28 7.771E-07.08330.106   46.08910.72-.010758        2 0 0 5        0 0 0 0                    P 10e     3455431410 5 3 3 3   171.0  189.0
 4113093.689290 1.534E-28 7.831E-07.08460.107   37.70960.72-.010490        2 0 0 5        0 0 0 0                    P  9e     3455431410 5 3 3 3   153.0  171.0
 4113094.861460 1.417E-28 7.903E-07.08570.108   30.16790.71-.010192        2 0 0 5        0 0 0 0                    P  8e     3455431410 5 3 3 3   135.0  153.0
 4113095.991880 1.283E-28 7.992E-07.08680.109   23.46410.71-.009862        2 0 0 5        0 0 0 0                    P  7e     3455431410 5 3 3 3   117.0  135.0
 4113097.080550 1.133E-28 8.108E-07.08800.110   17.59820.71-.009495        2 0 0 5        0 0 0 0                    P  6e     3455431410 5 3 3 3    99.0  117.0
 4113106.885770 1.171E-28 6.933E-07.08800.110   12.57020.71-.009082        2 0 0 5        0 0 0 0                    R  5e     3455431410 5 3 3 3   117.0   99.0
 4113107.431190 1.334E-28 7.011E-07.08680.109   17.59820.71-.009406        2 0 0 5        0 0 0 0                    R  6e     3455431410 5 3 3 3   135.0  117.0
 4113107.934800 1.481E-28 7.071E-07.08570.108   23.46410.71-.009700        2 0 0 5        0 0 0 0                    R  7e     3455431410 5 3 3 3   153.0  135.0
 4113108.396590 1.613E-28 7.118E-07.08460.107   30.16790.72-.009969        2 0 0 5        0 0 0 0                    R  8e     3455431410 5 3 3 3   171.0  153.0
 4113108.443940 1.026E-28 7.158E-07.07150.088  364.40630.79-.012740        2 0 0 5        0 0 0 0                    R 29e     3455431410 5 3 3 3   549.0  531.0
 4113108.816590 1.727E-28 7.154E-07.08330.106   37.70960.72-.010215        2 0 0 5        0 0 0 0                    R  9e     3455431410 5 3 3 3   189.0  171.0
 4113108.858970 1.120E-28 7.178E-07.07190.089  340.12080.78-.012668        2 0 0 5        0 0 0 0                    R 28e     3455431410 5 3 3 3   531.0  513.0
 4113109.194790 1.824E-28 7.184E-07.08200.105   46.08910.72-.010440        2 0 0 5        0 0 0 0                    R 10e     3455431410 5 3 3 3   207.0  189.0
 4113109.232420 1.215E-28 7.197E-07.07220.090  316.67170.77-.012593        2 0 0 5        0 0 0 0                    R 27e     3455431410 5 3 3 3   513.0  495.0
 4113109.531180 1.901E-28 7.207E-07.08090.104   55.30640.72-.010647        2 0 0 5        0 0 0 0                    R 11e     3455431410 5 3 3 3   225.0  207.0
 4113109.564070 1.312E-28 7.213E-07.07250.090  294.05890.76-.012514        2 0 0 5        0 0 0 0                    R 26e     3455431410 5 3 3 3   495.0  477.0
 4113109.825780 1.961E-28 7.226E-07.07990.103   65.36140.72-.010839        2 0 0 5        0 0 0 0                    R 12e     3455431410 5 3 3 3   243.0  225.0
 4113109.854090 1.408E-28 7.227E-07.07290.091  272.28280.75-.012433        2 0 0 5        0 0 0 0                    R 25e     3455431410 5 3 3 3   477.0  459.0
 4113110.078580 2.001E-28 7.241E-07.07910.102   76.25420.72-.011015        2 0 0 5        0 0 0 0                    R 13e     3455431410 5 3 3 3   261.0  243.0
 4113110.102370 1.502E-28 7.239E-07.07330.092  251.34320.74-.012347        2 0 0 5        0 0 0 0                    R 24e     3455431410 5 3 3 3   459.0  441.0
 4113110.289580 2.024E-28 7.252E-07.07830.101   87.98450.72-.011179        2 0 0 5        0 0 0 0                    R 14e     3455431410 5 3 3 3   279.0  261.0
 4113110.308940 1.594E-28 7.250E-07.07360.093  231.24040.74-.012257        2 0 0 5        0 0 0 0                    R 23e     3455431410 5 3 3 3   441.0  423.0
 4113110.458810 2.029E-28 7.261E-07.07770.100  100.55250.73-.011332        2 0 0 5        0 0 0 0                    R 15e     3455431410 5 3 3 3   297.0  279.0
 4113110.473800 1.681E-28 7.257E-07.07410.094  211.97450.73-.012163        2 0 0 5        0 0 0 0                    R 22e     3455431410 5 3 3 3   423.0  405.0
 4113110.586250 2.018E-28 7.267E-07.07700.099  113.95800.73-.011474        2 0 0 5        0 0 0 0                    R 16e     3455431410 5 3 3 3   315.0  297.0
 4113110.586779 1.991E-28 7.270E-07.07650.098  128.20090.73-.011607        2 0 0 5        0 0 0 0                    R 17e     0455431310 5 3 3 3   333.0  315.0
 4113110.596920 1.761E-28 7.263E-07.07450.094  193.54550.73-.012064        2 0 0 5        0 0 0 0                    R 21e     3455431410 5 3 3 3   405.0  387.0
 4113110.678300 1.834E-28 7.268E-07.07490.095  175.95360.73-.011960        2 0 0 5        0 0 0 0                    R 20e     3455431410 5 3 3 3   387.0  369.0
 4113110.715810 1.951E-28 7.272E-07.07590.097  143.28120.73-.011732        2 0 0 5        0 0 0 0                    R 18e     0455431310 5 3 3 3   351.0  333.0
 4113110.717980 1.898E-28 7.271E-07.07540.096  159.19880.73-.011849        2 0 0 5        0 0 0 0                    R 19e     3455431410 5 3 3 3   369.0  351.0
 4113259.989101 1.058E-28 6.894E-07.07250.090  316.67170.76-.013848        6 0 0 3        0 0 0 0                    P 27e     0455431310 5 3 3 3   477.0  495.0
 4113261.765679 1.130E-28 6.858E-07.07290.091  294.05890.75-.013780        6 0 0 3        0 0 0 0                    P 26e     0455431310 5 3 3 3   459.0  477.0
 4113263.495359 1.199E-28 6.816E-07.07330.092  272.28280.74-.013708        6 0 0 3        0 0 0 0                    P 25e     0455431310 5 3 3 3   441.0  459.0
 4113265.196150 1.267E-28 6.780E-07.07360.093  251.34320.74-.013631        6 0 0 3        0 0 0 0                    P 24e     0455431310 5 3 3 3   423.0  441.0
 4113266.841322 1.329E-28 6.742E-07.07410.094  231.24040.73-.013548        6 0 0 3        0 0 0 0                    P 23e     0455431310 5 3 3 3   405.0  423.0
 4113268.478577 1.386E-28 6.700E-07.07450.094  211.97450.73-.013458        6 0 0 3        0 0 0 0                    P 22e     0455431310 5 3 3 3   387.0  405.0
 4113270.074116 1.435E-28 6.653E-07.07490.095  193.54550.73-.013362        6 0 0 3        0 0 0 0                    P 21e     0455431310 5 3 3 3   369.0  387.0
 4113271.650330 1.474E-28 6.596E-07.07540.096  175.95360.73-.013258        6 0 0 3        0 0 0 0                    P 20e     3455431410 5 3 3 3   351.0  369.0
 4113273.176760 1.504E-28 6.541E-07.07590.097  159.19880.73-.013144        6 0 0 3        0 0 0 0                    P 19e     3455431410 5 3 3 3   333.0  351.0
 4113274.664730 1.523E-28 6.485E-07.07650.098  143.28120.73-.013021        6 0 0 3        0 0 0 0                    P 18e     3455431410 5 3 3 3   315.0  333.0
 4113276.114220 1.529E-28 6.418E-07.07700.099  128.20090.73-.012887        6 0 0 3        0 0 0 0                    P 17e     3455431410 5 3 3 3   297.0  315.0
 4113277.525240 1.522E-28 6.345E-07.07770.100  113.95800.73-.012741        6 0 0 3        0 0 0 0                    P 16e     3455431410 5 3 3 3   279.0  297.0
 4113278.897880 1.502E-28 6.272E-07.07830.101  100.55250.72-.012581        6 0 0 3        0 0 0 0                    P 15e     3455431410 5 3 3 3   261.0  279.0
 4113280.232230 1.466E-28 6.187E-07.07910.102   87.98450.72-.012405        6 0 0 3        0 0 0 0                    P 14e     3455431410 5 3 3 3   243.0  261.0
 4113281.528470 1.419E-28 6.110E-07.07990.103   76.25420.72-.012212        6 0 0 3        0 0 0 0                    P 13e     3455431410 5 3 3 3   225.0  243.0
 4113282.786840 1.357E-28 6.025E-07.08090.104   65.36140.72-.012000        6 0 0 3        0 0 0 0                    P 12e     3455431410 5 3 3 3   207.0  225.0
 4113283.835217 1.282E-28 5.941E-07.08200.105   55.30640.72-.011766        6 0 0 3        0 0 0 0                    P 11e     0455431310 5 3 3 3   189.0  207.0
 4113285.191230 1.197E-28 5.864E-07.08330.106   46.08910.72-.011507        6 0 0 3        0 0 0 0                    P 10e     3455431410 5 3 3 3   171.0  189.0
 4113286.156759 1.102E-28 5.792E-07.08460.107   37.70960.72-.011220        6 0 0 3        0 0 0 0                    P  9e     0455431310 5 3 3 3   153.0  171.0
 4113300.402269 1.058E-28 5.198E-07.08570.108   23.46410.71-.010410        6 0 0 3        0 0 0 0                    R  7e     0455431310 5 3 3 3   153.0  135.0
 4113301.112430 1.174E-28 5.334E-07.08460.107   30.16790.72-.010699        6 0 0 3        0 0 0 0                    R  8e     3455431410 5 3 3 3   171.0  153.0
 4113301.432037 1.282E-28 5.465E-07.08330.106   37.70960.72-.010964        6 0 0 3        0 0 0 0                    R  9e     0455431310 5 3 3 3   189.0  171.0
 4113302.059190 1.379E-28 5.595E-07.08200.105   46.08910.72-.011206        6 0 0 3        0 0 0 0                    R 10e     3455431410 5 3 3 3   207.0  189.0
 4113302.476250 1.466E-28 5.721E-07.08090.104   55.30640.72-.011428        6 0 0 3        0 0 0 0                    R 11e     3455431410 5 3 3 3   225.0  207.0
 4113302.855350 1.537E-28 5.834E-07.07990.103   65.36140.72-.011633        6 0 0 3        0 0 0 0                    R 12e     3455431410 5 3 3 3   243.0  225.0
 4113303.196210 1.598E-28 5.952E-07.07910.102   76.25420.72-.011823        6 0 0 3        0 0 0 0                    R 13e     3455431410 5 3 3 3   261.0  243.0
 4113303.498660 1.641E-28 6.055E-07.07830.101   87.98450.72-.011999        6 0 0 3        0 0 0 0                    R 14e     3455431410 5 3 3 3   279.0  261.0
 4113303.762600 1.671E-28 6.156E-07.07770.100  100.55250.73-.012162        6 0 0 3        0 0 0 0                    R 15e     3455431410 5 3 3 3   297.0  279.0
 4113303.808302 1.058E-28 6.990E-07.07190.089  340.12080.78-.013587        6 0 0 3        0 0 0 0                    R 28e     0455431310 5 3 3 3   531.0  513.0
 4113303.987930 1.685E-28 6.248E-07.07700.099  113.95800.73-.012314        6 0 0 3        0 0 0 0                    R 16e     3455431410 5 3 3 3   315.0  297.0
 4113304.034786 1.139E-28 6.945E-07.07220.090  316.67170.77-.013507        6 0 0 3        0 0 0 0                    R 27e     0455431310 5 3 3 3   513.0  495.0
 4113304.174640 1.684E-28 6.331E-07.07650.098  128.20090.73-.012456        6 0 0 3        0 0 0 0                    R 17e     3455431410 5 3 3 3   333.0  315.0
 4113304.235859 1.218E-28 6.896E-07.07250.090  294.05890.76-.013423        6 0 0 3        0 0 0 0                    R 26e     0455431310 5 3 3 3   495.0  477.0
 4113304.322720 1.670E-28 6.409E-07.07590.097  143.28120.73-.012590        6 0 0 3        0 0 0 0                    R 18e     3455431410 5 3 3 3   351.0  333.0
 4113304.378021 1.295E-28 6.845E-07.07290.091  272.28280.75-.013337        6 0 0 3        0 0 0 0                    R 25e     0455431310 5 3 3 3   477.0  459.0
 4113304.420856 1.645E-28 6.488E-07.07540.096  159.19880.73-.012715        6 0 0 3        0 0 0 0                    R 19e     0455431310 5 3 3 3   369.0  351.0
 4113304.481409 1.369E-28 6.793E-07.07330.092  251.34320.74-.013246        6 0 0 3        0 0 0 0                    R 24e     0455431310 5 3 3 3   459.0  441.0
 4113304.499497 1.607E-28 6.556E-07.07490.095  175.95360.73-.012833        6 0 0 3        0 0 0 0                    R 20e     0455431310 5 3 3 3   387.0  369.0
 4113304.536242 1.559E-28 6.619E-07.07450.094  193.54550.73-.012944        6 0 0 3        0 0 0 0                    R 21e     0455431310 5 3 3 3   405.0  387.0
 4113304.537689 1.437E-28 6.733E-07.07360.093  231.24040.74-.013150        6 0 0 3        0 0 0 0                    R 23e     0455431310 5 3 3 3   441.0  423.0
 4113304.564880 1.502E-28 6.678E-07.07410.094  211.97450.73-.013050        6 0 0 3        0 0 0 0                    R 22e     0455431310 5 3 3 3   423.0  405.0
 4113339.446741 1.058E-28 5.425E-07.07410.094  231.24040.73-.011730        2 4 0 4        0 0 0 0                    P 23e     0455431310 5 3 3 3   405.0  423.0
 4113341.434880 1.115E-28 5.450E-07.07450.094  211.97450.73-.011654        2 4 0 4        0 0 0 0                    P 22e     3455431410 5 3 3 3   387.0  405.0
 4113343.090300 1.167E-28 5.472E-07.07490.095  193.54550.73-.011572        2 4 0 4        0 0 0 0                    P 21e     3455431410 5 3 3 3   369.0  387.0
 4113344.707200 1.213E-28 5.489E-07.07540.096  175.95360.73-.011483        2 4 0 4        0 0 0 0                    P 20e     3455431410 5 3 3 3   351.0  369.0
 4113346.285500 1.249E-28 5.493E-07.07590.097  159.19880.73-.011386        2 4 0 4        0 0 0 0                    P 19e     3455431410 5 3 3 3   333.0  351.0
 4113347.458916 1.273E-28 5.480E-07.07650.098  143.28120.73-.011280        2 4 0 4        0 0 0 0                    P 18e     0455431310 5 3 3 3   315.0  333.0
 4113348.941535 1.268E-28 5.382E-07.07700.099  128.20090.73-.011165        2 4 0 4        0 0 0 0                    P 17e     0455431310 5 3 3 3   297.0  315.0
 4113350.356224 1.162E-28 4.899E-07.07770.100  113.95800.73-.011039        2 4 0 4        0 0 0 0                    P 16e     0455431310 5 3 3 3   279.0  297.0
 4113353.592780 1.116E-28 4.762E-07.07910.102   87.98450.72-.010750        2 4 0 4        0 0 0 0                    P 14e     3455431410 5 3 3 3   243.0  261.0
 4113354.921870 1.209E-28 5.264E-07.07990.103   76.25420.72-.010583        2 4 0 4        0 0 0 0                    P 13e     3455431410 5 3 3 3   225.0  243.0
 4113356.260400 1.214E-28 5.450E-07.08090.104   65.36140.72-.010399        2 4 0 4        0 0 0 0                    P 12e     3455431410 5 3 3 3   207.0  225.0
 4113357.523800 1.186E-28 5.556E-07.08200.105   55.30640.72-.010196        2 4 0 4        0 0 0 0                    P 11e     3455431410 5 3 3 3   189.0  207.0
 4113358.751530 1.137E-28 5.631E-07.08330.106   46.08910.72-.009971        2 4 0 4        0 0 0 0                    P 10e     3455431410 5 3 3 3   171.0  189.0
 4113359.940970 1.072E-28 5.697E-07.08460.107   37.70960.72-.009722        2 4 0 4        0 0 0 0                    P  9e     3455431410 5 3 3 3   153.0  171.0
 4113374.186480 1.029E-28 5.112E-07.08570.108   23.46410.71-.008954        2 4 0 4        0 0 0 0                    R  7e     3455431410 5 3 3 3   153.0  135.0
 4113374.672730 1.115E-28 5.122E-07.08460.107   30.16790.72-.009202        2 4 0 4        0 0 0 0                    R  8e     3455431410 5 3 3 3   171.0  153.0
 4113375.120620 1.185E-28 5.111E-07.08330.106   37.70960.72-.009428        2 4 0 4        0 0 0 0                    R  9e     3455431410 5 3 3 3   189.0  171.0
 4113375.532750 1.234E-28 5.061E-07.08200.105   46.08910.72-.009636        2 4 0 4        0 0 0 0                    R 10e     3455431410 5 3 3 3   207.0  189.0
 4113375.869650 1.249E-28 4.927E-07.08090.104   55.30640.72-.009827        2 4 0 4        0 0 0 0                    R 11e     3455431410 5 3 3 3   225.0  207.0
 4113376.215900 1.170E-28 4.488E-07.07990.103   65.36140.72-.010004        2 4 0 4        0 0 0 0                    R 12e     3455431410 5 3 3 3   243.0  225.0
 4113376.329644 1.254E-28 4.677E-07.07830.101   87.98450.72-.010319        2 4 0 4        0 0 0 0                    R 14e     0455431310 5 3 3 3   279.0  261.0
 4113376.589915 1.386E-28 5.163E-07.07770.100  100.55250.73-.010460        2 4 0 4        0 0 0 0                    R 15e     0455431310 5 3 3 3   297.0  279.0
 4113376.782116 1.408E-28 5.280E-07.07700.099  113.95800.73-.010592        2 4 0 4        0 0 0 0                    R 16e     0455431310 5 3 3 3   315.0  297.0
 4113376.904012 1.057E-28 5.301E-07.07330.092  251.34320.74-.011404        2 4 0 4        0 0 0 0                    R 24e     0455431310 5 3 3 3   459.0  441.0
 4113377.019791 1.122E-28 5.312E-07.07360.093  231.24040.74-.011320        2 4 0 4        0 0 0 0                    R 23e     0455431310 5 3 3 3   441.0  423.0
 4113377.104878 1.184E-28 5.321E-07.07410.094  211.97450.73-.011232        2 4 0 4        0 0 0 0                    R 22e     0455431310 5 3 3 3   423.0  405.0
 4113377.141661 1.240E-28 5.324E-07.07450.094  193.54550.73-.011140        2 4 0 4        0 0 0 0                    R 21e     0455431310 5 3 3 3   405.0  387.0
 4113377.283380 1.399E-28 5.315E-07.07650.098  128.20090.73-.010715        2 4 0 4        0 0 0 0                    R 17e     3455431410 5 3 3 3   333.0  315.0
 4113377.379590 1.374E-28 5.332E-07.07590.097  143.28120.73-.010831        2 4 0 4        0 0 0 0                    R 18e     3455431410 5 3 3 3   351.0  333.0
 4113377.437040 1.338E-28 5.334E-07.07540.096  159.19880.73-.010940        2 4 0 4        0 0 0 0                    R 19e     3455431410 5 3 3 3   369.0  351.0
 4113377.455800 1.292E-28 5.331E-07.07490.095  175.95360.73-.011043        2 4 0 4        0 0 0 0                    R 20e     3455431410 5 3 3 3   387.0  369.0
