 51 1911.187693 2.314E-28 1.290E+01.03590.038 4862.74110.67-.002851              1              0                    P 50      47562310 8 5 5 1 8    99.0  101.0
 51 1912.910229 1.231E-30 2.583E+01.03780.040 6060.49900.67-.002829              2              1                    P 45      47562310 8 5 5 1 8    89.0   91.0
 51 1916.569009 5.702E-28 1.301E+01.03620.038 4673.53810.67-.002846              1              0                    P 49      47562310 8 5 5 1 8    97.0   99.0
 51 1918.115672 2.746E-30 2.603E+01.03820.040 5891.27140.67-.002826              2              1                    P 44      47562310 8 5 5 1 8    87.0   89.0
 51 1921.922433 1.379E-27 1.311E+01.03660.039 4488.00120.67-.002841              1              0                    P 48      47562310 8 5 5 1 8    95.0   97.0
 51 1923.292511 6.013E-30 2.623E+01.03860.041 5725.70900.67-.002822              2              1                    P 43      47562310 8 5 5 1 8    85.0   87.0
 51 1927.247824 3.276E-27 1.322E+01.03700.039 4306.13750.67-.002837              1              0                    P 47      47562310 8 5 5 1 8    93.0   95.0
 51 1928.440602 1.293E-29 2.644E+01.03900.041 5563.81840.67-.002819              2              1                    P 42      47562310 8 5 5 1 8    83.0   85.0
 51 1932.545040 7.640E-27 1.332E+01.03740.040 4127.95390.67-.002833              1              0                    P 46      47562310 8 5 5 1 8    91.0   93.0
 51 1933.559804 2.729E-29 2.664E+01.03950.042 5405.60560.67-.002817              2              1                    P 41      47562310 8 5 5 1 8    81.0   83.0
 51 1937.813941 1.749E-26 1.343E+01.03780.040 3953.45740.67-.002829              1              0                    P 45      47562310 8 5 5 1 8    89.0   91.0
 51 1938.649974 5.655E-29 2.685E+01.03990.042 5251.07690.67-.002815              2              1                    P 40      47562310 8 5 5 1 8    79.0   81.0
 51 1943.054383 3.932E-26 1.353E+01.03820.040 3782.65470.67-.002826              1              0                    P 44      47562310 8 5 5 1 8    87.0   89.0
 51 1943.350357 1.683E-31 4.051E+01.04270.045 6497.55860.67-.002809              3              2                    P 34      47566310 8 5 5 1 8    67.0   69.0
 51 1943.710969 1.150E-28 2.705E+01.04030.043 5100.23820.67-.002813              2              1                    P 39      47562310 8 5 5 1 8    77.0   79.0
 51 1948.198244 3.040E-31 4.081E+01.04320.046 6370.16770.67-.002809              3              2                    P 33      47566310 8 5 5 1 8    65.0   67.0
 51 1948.266225 8.676E-26 1.364E+01.03860.041 3615.55210.67-.002822              1              0                    P 43      47562310 8 5 5 1 8    85.0   87.0
 51 1948.742646 2.296E-28 2.726E+01.04080.043 4953.09540.67-.002811              2              1                    P 38      47562310 8 5 5 1 8    75.0   77.0
 51 1953.015948 5.390E-31 4.112E+01.04380.046 6246.46950.67-.002810              3              2                    P 32      47566310 8 5 5 1 8    63.0   65.0
 51 1953.449325 1.879E-25 1.374E+01.03900.041 3452.15630.67-.002819              1              0                    P 42      47562310 8 5 5 1 8    83.0   85.0
 51 1953.744862 4.499E-28 2.747E+01.04130.044 4809.65410.67-.002810              2              1                    P 37      47562310 8 5 5 1 8    73.0   75.0
 51 1957.803326 9.376E-31 4.143E+01.04430.047 6126.46900.67-.002811              3              2                    P 31      47566310 8 5 5 1 8    61.0   63.0
 51 1958.603539 3.995E-25 1.385E+01.03950.042 3292.47340.67-.002817              1              0                    P 41      47562310 8 5 5 1 8    81.0   83.0
 51 1958.717473 8.652E-28 2.768E+01.04170.044 4669.92000.67-.002809              2              1                    P 36      47562310 8 5 5 1 8    71.0   73.0
 51 1962.560233 1.600E-30 4.174E+01.04480.047 6010.17090.67-.002813              3              2                    P 30      47566310 8 5 5 1 8    59.0   61.0
 51 1963.660335 1.633E-27 2.789E+01.04220.045 4533.89830.67-.002809              2              1                    P 35      47562310 8 5 5 1 8    69.0   71.0
 51 1963.728726 8.336E-25 1.395E+01.03990.042 3136.50950.67-.002815              1              0                    P 40      47562310 8 5 5 1 8    79.0   81.0
 51 1967.286525 2.679E-30 4.205E+01.04540.048 5897.57960.67-.002815              3              2                    P 29      47566310 8 5 5 1 8    57.0   59.0
 51 1968.573304 3.024E-27 2.810E+01.04270.045 4401.59440.67-.002809              2              1                    P 34      47562310 8 5 5 1 8    67.0   69.0
 51 1968.824741 1.707E-24 1.406E+01.04030.043 2984.27070.67-.002813              1              0                    P 39      47562310 8 5 5 1 8    77.0   79.0
 51 1971.982056 4.401E-30 4.236E+01.04600.049 5788.69960.67-.002817              3              2                    P 28      47566310 8 5 5 1 8    55.0   57.0
 51 1973.456238 5.495E-27 2.831E+01.04320.046 4273.01330.67-.002809              2              1                    P 33      47562310 8 5 5 1 8    65.0   67.0
 51 1973.891441 3.431E-24 1.417E+01.04080.043 2835.76270.67-.002811              1              0                    P 38      47562310 8 5 5 1 8    75.0   77.0
 51 1976.646683 7.090E-30 4.268E+01.04650.049 5683.53510.67-.002819              3              2                    P 27      47566310 8 5 5 1 8    53.0   55.0
 51 1978.308990 9.796E-27 2.852E+01.04380.046 4148.16010.67-.002810              2              1                    P 32      47562310 8 5 5 1 8    63.0   65.0
 51 1978.928683 6.766E-24 1.428E+01.04130.044 2690.99130.67-.002810              1              0                    P 37      47562310 8 5 5 1 8    73.0   75.0
 51 1981.280260 1.120E-29 4.300E+01.04710.050 5582.09010.67-.002822              3              2                    P 26      47566310 8 5 5 1 8    51.0   53.0
 51 1983.131417 1.713E-26 2.873E+01.04430.047 4027.03950.67-.002811              2              1                    P 31      47562310 8 5 5 1 8    61.0   63.0
 51 1983.936323 1.309E-23 1.438E+01.04170.044 2549.96200.67-.002809              1              0                    P 36      47562310 8 5 5 1 8    71.0   73.0
 51 1985.882641 1.735E-29 4.332E+01.04770.051 5484.36870.67-.002824              3              2                    P 25      47566310 8 5 5 1 8    49.0   51.0
 51 1987.923374 2.940E-26 2.895E+01.04480.047 3909.65620.67-.002813              2              1                    P 30      47562310 8 5 5 1 8    59.0   61.0
 51 1988.914217 2.486E-23 1.449E+01.04220.045 2412.68010.67-.002809              1              0                    P 35      47562310 8 5 5 1 8    69.0   71.0
 51 1990.453682 2.636E-29 4.365E+01.04830.051 5390.37470.67-.002827              3              2                    P 24      47566310 8 5 5 1 8    47.0   49.0
 51 1992.684716 4.948E-26 2.916E+01.04540.048 3796.01490.67-.002815              2              1                    P 29      47562310 8 5 5 1 8    57.0   59.0
 51 1993.862221 4.632E-23 1.460E+01.04270.045 2279.15110.67-.002809              1              0                    P 34      47562310 8 5 5 1 8    67.0   69.0
 51 1994.993237 3.926E-29 4.398E+01.04900.052 5300.11170.67-.002829              3              2                    P 23      47566310 8 5 5 1 8    45.0   47.0
 51 1997.415298 8.167E-26 2.938E+01.04600.049 3686.11980.67-.002817              2              1                    P 28      47562310 8 5 5 1 8    55.0   57.0
 51 1998.780190 8.466E-23 1.471E+01.04320.046 2149.37990.67-.002809              1              0                    P 33      47562310 8 5 5 1 8    65.0   67.0
 51 1999.501160 5.730E-29 4.431E+01.04960.053 5213.58320.67-.002831              3              2                    P 22      47566310 8 5 5 1 8    43.0   45.0
 51 2002.114976 1.322E-25 2.960E+01.04650.049 3579.97510.67-.002819              2              1                    P 27      47562310 8 5 5 1 8    53.0   55.0
 51 2003.667980 1.518E-22 1.482E+01.04380.046 2023.37150.67-.002810              1              0                    P 32      47562310 8 5 5 1 8    63.0   65.0
 51 2003.977306 8.196E-29 4.465E+01.05030.053 5130.79260.67-.002832              3              2                    P 21      47566310 8 5 5 1 8    41.0   43.0
 51 2006.783603 2.098E-25 2.982E+01.04710.050 3477.58510.67-.002822              2              1                    P 26      47562310 8 5 5 1 8    51.0   53.0
 51 2008.421529 1.149E-28 4.499E+01.05100.054 5051.74320.67-.002832              3              2                    P 20      47566310 8 5 5 1 8    39.0   41.0
 51 2008.525447 2.669E-22 1.493E+01.04430.047 1901.13080.67-.002811              1              0                    P 31      47562310 8 5 5 1 8    61.0   63.0
 51 2011.421036 3.266E-25 3.005E+01.04770.051 3378.95370.67-.002824              2              1                    P 25      47562310 8 5 5 1 8    49.0   51.0
 51 2012.833683 1.577E-28 4.534E+01.05170.055 4976.43800.67-.002831              3              2                    P 19      47566310 8 5 5 1 8    37.0   39.0
 51 2013.352445 4.604E-22 1.505E+01.04480.047 1782.66240.67-.002813              1              0                    P 30      47562310 8 5 5 1 8    59.0   61.0
 51 2016.027127 4.982E-25 3.027E+01.04830.051 3284.08460.67-.002827              2              1                    P 24      47562310 8 5 5 1 8    47.0   49.0
 51 2017.213622 2.119E-28 4.570E+01.05240.056 4904.87990.68-.002828              3              2                    P 18      47566310 8 5 5 1 8    35.0   37.0
 51 2018.148829 7.789E-22 1.516E+01.04540.048 1667.97090.67-.002815              1              0                    P 29      47562310 8 5 5 1 8    57.0   59.0
 51 2020.601731 7.449E-25 3.050E+01.04900.052 3192.98150.67-.002829              2              1                    P 23      47562310 8 5 5 1 8    45.0   47.0
 51 2021.561200 2.788E-28 4.606E+01.05310.057 4837.07170.69-.002822              3              2                    P 17      47566310 8 5 5 1 8    33.0   35.0
 51 2022.914454 1.292E-21 1.527E+01.04600.049 1557.06070.67-.002817              1              0                    P 28      47562310 8 5 5 1 8    55.0   57.0
 51 2025.144704 1.092E-24 3.073E+01.04960.053 3105.64790.67-.002831              2              1                    P 22      47562310 8 5 5 1 8    43.0   45.0
 51 2025.876271 3.590E-28 4.644E+01.05380.058 4773.01610.70-.002814              3              2                    P 16      47566310 8 5 5 1 8    31.0   33.0
 51 2027.649176 2.102E-21 1.539E+01.04650.049 1449.93600.67-.002819              1              0                    P 27      47562310 8 5 5 1 8    53.0   55.0
 51 2029.655898 1.567E-24 3.097E+01.05030.053 3022.08730.67-.002832              2              1                    P 21      47562310 8 5 5 1 8    41.0   43.0
 51 2030.158689 4.521E-28 4.683E+01.05450.059 4712.71560.71-.002803              3              2                    P 15      47566310 8 5 5 1 8    29.0   31.0
 51 2032.352847 3.351E-21 1.550E+01.04710.050 1346.60080.67-.002822              1              0                    P 26      47562310 8 5 5 1 8    51.0   53.0
 51 2034.135168 2.204E-24 3.121E+01.05100.054 2942.30280.67-.002832              2              1                    P 20      47566310 8 5 5 1 8    39.0   41.0
 51 2034.408306 5.566E-28 4.724E+01.05530.059 4656.17240.72-.002787              3              2                    P 14      47566310 8 5 5 1 8    27.0   29.0
 51 2037.025324 5.239E-21 1.562E+01.04770.051 1247.05920.67-.002824              1              0                    P 25      47562310 8 5 5 1 8    49.0   51.0
 51 2038.582368 3.036E-24 3.145E+01.05170.055 2866.29750.67-.002831              2              1                    P 19      47566310 8 5 5 1 8    37.0   39.0
 51 2038.624978 6.693E-28 4.766E+01.05610.060 4603.38890.73-.002765              3              2                    P 13      47566310 8 5 5 1 8    25.0   27.0
 51 2041.666460 8.026E-21 1.573E+01.04830.051 1151.31500.67-.002827              1              0                    P 24      47562310 8 5 5 1 8    47.0   49.0
 51 2042.808556 7.856E-28 4.811E+01.05690.062 4554.36700.74-.002736              3              2                    P 12      47566310 8 5 5 1 8    23.0   25.0
 51 2042.997352 4.094E-24 3.170E+01.05240.056 2794.07440.68-.002828              2              1                    P 18      47566310 8 5 5 1 8    35.0   37.0
 51 2046.276109 1.205E-20 1.585E+01.04900.052 1059.37180.67-.002980              1              0                    P 23      47562310 8 5 5 1 1    45.0   47.0
 51 2046.958896 8.991E-28 4.859E+01.05770.063 4509.10880.75-.002699              3              2                    P 11      47566310 8 5 5 1 8    21.0   23.0
 51 2047.379973 5.404E-24 3.195E+01.05310.057 2725.63610.69-.002822              2              1                    P 17      47566310 8 5 5 1 8    33.0   35.0
 51 2050.854126 1.773E-20 1.597E+01.04960.053  971.23320.67-.003350              1              0                    P 22      47562310 8 5 5 1 1    43.0   45.0
 51 2051.075849 1.002E-27 4.912E+01.05860.064 4467.61580.75-.002651              3              2                    P 10      47566310 8 5 5 1 8    19.0   21.0
 51 2051.730086 6.978E-24 3.221E+01.05380.058 2660.98550.70-.002814              2              1                    P 16      47566310 8 5 5 1 8    31.0   33.0
 51 2055.159270 1.085E-27 4.970E+01.05950.065 4429.88980.75-.002591              3              2                    P  9      47566310 8 5 5 1 8    17.0   19.0
 51 2055.400364 2.555E-20 1.610E+01.05030.053  886.90240.67-.003630              1              0                    P 21      47562310 8 5 5 1 1    41.0   43.0
 51 2056.047543 8.812E-24 3.248E+01.05450.059 2600.12490.71-.002803              2              1                    P 15      47566310 8 5 5 1 8    29.0   31.0
 51 2059.209012 1.140E-27 5.036E+01.06060.066 4395.93220.75-.002514              3              2                    P  8      47566310 8 5 5 1 8    15.0   17.0
 51 2059.914677 3.607E-20 1.622E+01.05100.054  806.38280.67-.003050              1              0                    P 20      47566310 8 5 5 1 1    39.0   41.0
 51 2060.332198 1.088E-23 3.277E+01.05530.059 2543.05670.72-.002787              2              1                    P 14      47566310 8 5 5 1 8    27.0   29.0
 51 2063.224928 1.158E-27 5.115E+01.06180.068 4365.74430.75-.002418              3              2                    P  7      47566310 8 5 5 1 8    13.0   15.0
 51 2064.396920 4.985E-20 1.635E+01.05170.055  729.67740.67-.003410              1              0                    P 19      47566310 8 5 5 1 1    37.0   39.0
 51 2064.583906 1.311E-23 3.306E+01.05610.060 2489.78310.73-.002765              2              1                    P 13      47566310 8 5 5 1 8    25.0   27.0
 51 2067.206871 1.130E-27 5.211E+01.06320.069 4339.32740.74-.002298              3              2                    P  6      47566310 8 5 5 1 8    11.0   13.0
 51 2068.802518 1.542E-23 3.337E+01.05690.062 2440.30620.74-.002736              2              1                    P 12      47566310 8 5 5 1 8    23.0   25.0
 51 2068.846945 6.744E-20 1.648E+01.05240.056  656.78920.68-.003500              1              0                    P 18      47566310 8 5 5 1 1    35.0   37.0
 51 2071.154695 1.054E-27 5.338E+01.06510.071 4316.68240.74-.002148              3              2                    P  5      47566310 8 5 5 1 8     9.0   11.0
 51 2072.987889 1.769E-23 3.371E+01.05770.063 2394.62790.75-.002699              2              1                    P 11      47566310 8 5 5 1 8    21.0   23.0
 51 2073.264607 8.929E-20 1.661E+01.05310.057  587.72090.69-.003350              1              0                    P 17      47566310 8 5 5 1 1    33.0   35.0
 51 2075.068253 9.256E-28 5.522E+01.06770.074 4297.81020.74-.001961              3              2                    P  4      47566310 8 5 5 1 8     7.0    9.0
 51 2077.139872 1.975E-23 3.408E+01.05860.064 2352.74990.75-.002651              2              1                    P 10      47566310 8 5 5 1 8    19.0   21.0
 51 2077.649758 1.156E-19 1.674E+01.05380.058  522.47510.70-.003290              1              0                    P 16      47566310 8 5 5 1 1    31.0   33.0
 51 2078.947398 7.485E-28 5.831E+01.07120.077 4282.71160.74-.001726              3              2                    P  3      47566310 8 5 5 1 8     5.0    7.0
 51 2081.258320 2.143E-23 3.448E+01.05950.065 2314.67390.75-.002591              2              1                    P  9      47566310 8 5 5 1 8    17.0   19.0
 51 2082.002254 1.464E-19 1.689E+01.05450.059  461.05450.71-.003260              1              0                    P 15      47566310 8 5 5 1 1    29.0   31.0
 51 2082.791982 5.282E-28 6.515E+01.07570.081 4271.38710.75-.001431              3              2                    P  2      47566310 8 5 5 1 8     3.0    5.0
 51 2085.343087 2.255E-23 3.494E+01.06060.066 2280.40130.75-.002514              2              1                    P  8      47566310 8 5 5 1 8    15.0   17.0
 51 2086.321945 1.812E-19 1.703E+01.05530.059  403.46120.72-.003350              1              0                    P 14      47566310 8 5 5 1 1    27.0   29.0
 51 2086.601860 2.745E-28 9.827E+01.08030.087 4263.83720.76-.001060              3              2                    P  1      47566310 8 5 5 1 8     1.0    3.0
 51 2089.394025 2.292E-23 3.548E+01.06180.068 2249.93340.75-.002418              2              1                    P  7      47566310 8 5 5 1 8    13.0   15.0
