 2313800.762290 1.367E-30 1.643E-06.07220.097  154.61660.70-.016206       0 4 4 51       0 0 0 01                    P 20e     466653293910 9 811    39.0   41.0
 2113800.933994 6.968E-29 1.765E-07.07130.095  197.41660.71-.016469       2 0 0 53       0 0 0 01                    P 22e     466653343910 9 811    43.0   45.0
 2313801.927610 1.329E-30 1.567E-06.07260.098  139.89300.69-.016030       0 4 4 51       0 0 0 01                    P 19e     466653293910 9 811    37.0   39.0
 2313803.070380 1.348E-30 1.570E-06.07310.099  125.90520.69-.015850       0 4 4 51       0 0 0 01                    P 18e     466653293910 9 811    35.0   37.0
 2113803.616368 7.411E-29 1.759E-07.07220.097  163.86840.70-.016130       2 0 0 53       0 0 0 01                    P 20e     466653343910 9 811    39.0   41.0
 2313804.190580 1.358E-30 1.573E-06.07370.100  112.65340.68-.015665       0 4 4 51       0 0 0 01                    P 17e     466653293910 9 811    33.0   35.0
 2313805.288210 1.424E-30 1.653E-06.07420.101  100.13740.68-.015474       0 4 4 51       0 0 0 01                    P 16e     466653293910 9 811    31.0   33.0
 2113805.916619 1.044E-30 1.673E-06.06990.092 1559.44940.73-.017116       3 0 0 53       1 0 0 02                    P 26e     456653343910 9 811    51.0   53.0
 2113806.188896 7.691E-29 1.755E-07.07310.099  133.43930.69-.015776       2 0 0 53       0 0 0 01                    P 18e     466653343910 9 811    35.0   37.0
 2313806.363280 1.348E-30 1.580E-06.07480.102   88.35750.68-.015276       0 4 4 51       0 0 0 01                    P 15e     466653293910 9 811    29.0   31.0
 2113808.651718 7.769E-29 1.753E-07.07420.101  106.12970.68-.015401       2 0 0 53       0 0 0 01                    P 16e     466653343910 9 811    31.0   33.0
 2113808.810684 1.308E-30 1.877E-06.07060.094 1519.64110.72-.016797       3 0 0 53       1 0 0 02                    P 24e     456653343910 9 811    47.0   49.0
 2313810.092800 1.392E-30 1.661E-06.07550.103   77.31350.67-.014999       2 0 0 52       0 0 0 01                    P 14e     466653293910 9 811    27.0   29.0
 2113811.004961 7.613E-29 1.754E-07.07550.103   81.94010.67-.014999       2 0 0 53       0 0 0 01                    P 14e     466653343910 9 811    27.0   29.0
 2313811.215510 1.359E-30 1.666E-06.07620.104   67.00570.67-.014784       2 0 0 52       0 0 0 01                    P 13e     466653293910 9 811    25.0   27.0
 2113811.644422 1.518E-30 1.992E-06.07130.095 1482.95210.71-.016469       3 0 0 53       1 0 0 02                    P 22e     456653343910 9 811    43.0   45.0
 2313812.308520 1.314E-30 1.671E-06.07700.105   57.43390.67-.014557       2 0 0 52       0 0 0 01                    P 12e     466653293910 9 811    23.0   25.0
 2113813.248731 7.203E-29 1.759E-07.07700.105   60.87090.67-.014557       2 0 0 53       0 0 0 01                    P 12e     466653343910 9 811    23.0   25.0
 2313813.371830 1.257E-30 1.678E-06.07780.107   48.59830.67-.014316       2 0 0 52       0 0 0 01                    P 11e     466653293910 9 811    21.0   23.0
 2113814.390169 1.675E-30 2.059E-06.07220.097 1449.38310.70-.016130       3 0 0 53       1 0 0 02                    P 20e     456653343910 9 811    39.0   41.0
 2313814.405430 1.189E-30 1.686E-06.07870.108   40.49890.67-.014059       2 0 0 52       0 0 0 01                    P 10e     466653293910 9 811    19.0   21.0
 2113815.383119 6.531E-29 1.770E-07.07870.108   42.92250.67-.014059       2 0 0 53       0 0 0 01                    P 10e     466653343910 9 811    19.0   21.0
 2313815.409320 1.109E-30 1.696E-06.07970.109   33.13560.67-.013781       2 0 0 52       0 0 0 01                    P  9e     466653293910 9 811    17.0   19.0
 2313816.383490 1.018E-30 1.709E-06.08080.111   26.50870.67-.013478       2 0 0 52       0 0 0 01                    P  8e     466653293910 9 811    15.0   17.0
 2113817.033982 1.779E-30 2.103E-06.07310.099 1418.93480.69-.015776       3 0 0 53       1 0 0 02                    P 18e     456653343910 9 811    35.0   37.0
 2113817.408195 5.602E-29 1.790E-07.08080.111   28.09510.67-.013478       2 0 0 53       0 0 0 01                    P  8e     466653343910 9 811    15.0   17.0
 2113818.585697 1.114E-30 1.286E-06.06590.074 1623.63350.73-.020392       2 1 1 52       0 1 1 01                    P 49e     455553343910 9 811    97.0   99.0
 2113819.324013 4.440E-29 1.828E-07.08340.114   16.38900.67-.012777       2 0 0 53       0 0 0 01                    P  6e     466653343910 9 811    11.0   13.0
 2113819.568502 1.826E-30 2.134E-06.07420.101 1391.60780.68-.015401       3 0 0 53       1 0 0 02                    P 16e     456653343910 9 811    31.0   33.0
 2113820.750009 1.369E-30 1.350E-06.06600.075 1586.85820.74-.020262       2 1 1 52       0 1 1 01                    P 48f     455553343910 9 811    95.0   97.0
 2113821.130608 3.083E-29 1.914E-07.08660.118    7.80430.68-.011887       2 0 0 53       0 0 0 01                    P  4e     466653343910 9 811     7.0    9.0
 2113821.989606 1.809E-30 2.160E-06.07550.103 1367.40260.67-.014999       3 0 0 53       1 0 0 02                    P 14e     456653343910 9 811    27.0   29.0
 2113822.827996 1.582E-29 2.232E-07.09050.123    2.34130.68-.010598       2 0 0 53       0 0 0 01                    P  2e     466653343910 9 811     3.0    5.0
 2113822.945309 1.562E-30 1.302E-06.06620.075 1547.97310.74-.020131       2 1 1 52       0 1 1 01                    P 47e     455553343910 9 811    93.0   95.0
 2113823.162256 1.423E-30 2.191E-07.06320.070 1244.22040.71-.021783       2 0 0 53       0 0 0 01                    R 56e     455543343910 9 811   115.0  113.0
 2113824.294857 1.726E-30 2.183E-06.07700.105 1346.31960.67-.014557       3 0 0 53       1 0 0 02                    P 12e     456653343910 9 811    23.0   25.0
 2113824.761296 2.025E-30 2.123E-07.06420.071 1157.77410.71-.021512       2 0 0 53       0 0 0 01                    R 54e     465543343910 9 811   111.0  109.0
 2113825.115322 1.878E-30 1.348E-06.06620.076 1512.63650.74-.019999       2 1 1 52       0 1 1 01                    P 46f     455553343910 9 811    91.0   93.0
 2113825.169305 8.006E-30 1.117E-07.09500.127    0.00000.69-.008556       2 0 0 53       0 0 0 01                    R  0e     466653343910 9 811     3.0    1.0
 2113826.244333 2.878E-30 2.088E-07.06500.072 1074.43060.72-.021235       2 0 0 53       0 0 0 01                    R 52e     465543343910 9 811   107.0  105.0
 2113826.543910 1.574E-30 2.210E-06.07870.108 1328.35940.67-.012362      12 1 1 0d       1 0 0 02                    P 10e     456653293910 9 811    19.0   21.0
 2113826.593625 2.377E-29 1.438E-07.08850.120    2.34130.68-.009552       2 0 0 53       0 0 0 01                    R  2e     466653343910 9 811     7.0    5.0
 2113826.649555 1.048E-30 2.271E-06.07130.095 1585.59040.71-.016469       3 0 0 52       1 0 0 01                    P 22e     456653343910 9 811    43.0   45.0
 2113827.212865 2.139E-30 1.311E-06.06630.077 1475.42300.75-.019865       2 1 1 52       0 1 1 01                    P 45e     455553343910 9 811    89.0   91.0
 2113827.611681 4.026E-30 2.055E-07.06560.073  994.19130.73-.020952       2 0 0 53       0 0 0 01                    R 50e     465553343910 9 811   103.0  101.0
 2313827.715080 1.400E-30 1.483E-06.07550.103   67.00570.67-.014078       0 4 4 51       0 0 0 01                    R 13e     466653293910 9 811    29.0   27.0
 2113827.908648 3.865E-29 1.528E-07.08490.116    7.80430.67-.010683       2 0 0 53       0 0 0 01                    R  4e     466653343910 9 811    11.0    9.0
 2313827.927000 1.049E-30 1.513E-06.08080.111   20.61800.67-.012048       2 0 0 52       0 0 0 01                    R  7e     466653293910 9 811    17.0   15.0
 2313828.112110 1.497E-30 1.560E-06.07480.102   77.31350.68-.014348       0 4 4 51       0 0 0 01                    R 14e     466653293910 9 811    31.0   29.0
 2313828.395620 1.147E-30 1.524E-06.07970.109   26.50870.67-.012431       2 0 0 52       0 0 0 01                    R  8e     466653293910 9 811    19.0   17.0
 2313828.486480 1.442E-30 1.490E-06.07420.101   88.35750.68-.014608       0 4 4 51       0 0 0 01                    R 15e     466653293910 9 811    33.0   31.0
 2113828.552321 1.356E-30 2.245E-06.08080.111 1313.52210.67-.013478       3 0 0 53       1 0 0 02                    P  8e     456653343910 9 811    15.0   17.0
 2313828.834470 1.234E-30 1.532E-06.07870.108   33.13560.67-.012786       2 0 0 52       0 0 0 01                    R  9e     466653293910 9 811    21.0   19.0
 2313828.838190 1.448E-30 1.494E-06.07370.100  100.13740.68-.014858       0 4 4 51       0 0 0 01                    R 16e     466653293910 9 811    35.0   33.0
 2113828.863696 5.543E-30 2.023E-07.06590.074  917.05730.73-.020662       2 0 0 53       0 0 0 01                    R 48e     465553343910 9 811    99.0   97.0
 2113829.114308 5.203E-29 1.573E-07.08200.112   16.38900.67-.011633       2 0 0 53       0 0 0 01                    R  6e     466653343910 9 811    15.0   13.0
 2313829.167240 1.443E-30 1.496E-06.07310.099  112.65340.69-.015101       0 4 4 51       0 0 0 01                    R 17e     466653293910 9 811    37.0   35.0
 2313829.243560 1.311E-30 1.539E-06.07780.107   40.49890.67-.013118       2 0 0 52       0 0 0 01                    R 10e     466653293910 9 811    23.0   21.0
 2113829.360987 2.532E-30 1.346E-06.06640.077 1441.53070.75-.019731       2 1 1 52       0 1 1 01                    P 44f     455553343910 9 811    87.0   89.0
 2313829.473630 1.499E-30 1.573E-06.07260.098  125.90520.69-.015336       0 4 4 51       0 0 0 01                    R 18e     466653293910 9 811    39.0   37.0
 2313829.622880 1.375E-30 1.546E-06.07700.105   48.59830.67-.013430       2 0 0 52       0 0 0 01                    R 11e     466653293910 9 811    25.0   23.0
 2113829.645660 1.122E-30 2.276E-06.07220.097 1552.04330.70-.016130       3 0 0 52       1 0 0 01                    P 20e     456653293910 9 811    39.0   41.0
 2313829.757340 1.475E-30 1.576E-06.07220.097  139.89300.70-.015565       0 4 4 51       0 0 0 01                    R 19e     466653293910 9 811    41.0   39.0
 2313829.972420 1.427E-30 1.551E-06.07620.104   57.43390.67-.013726       2 0 0 52       0 0 0 01                    R 12e     466653293910 9 811    27.0   25.0
 2113830.000750 7.504E-30 1.992E-07.06620.075  843.03010.74-.020365       2 0 0 53       0 0 0 01                    R 46e     465553343910 9 811    95.0   93.0
 2313830.176740 1.374E-30 1.504E-06.07170.096  154.61660.70-.012118       31414 01       0 0 0 01                    R 20e     466653293910 9 811    43.0   41.0
 2113830.210517 6.339E-29 1.602E-07.07970.109   28.09510.67-.012431       2 0 0 53       0 0 0 01                    R  8e     466653343910 9 811    19.0   17.0
 2113830.502943 1.078E-30 2.300E-06.08340.114 1301.80820.67-.012777       3 0 0 53       1 0 0 02                    P  6e     456653343910 9 811    11.0   13.0
 2113831.023217 9.998E-30 1.963E-07.06630.077  772.11070.75-.020061       2 0 0 53       0 0 0 01                    R 44e     465553343910 9 811    91.0   89.0
 2113831.197171 7.237E-29 1.624E-07.07780.107   42.92250.67-.013118       2 0 0 53       0 0 0 01                    R 10e     466653343910 9 811    23.0   21.0
 2313831.330660 1.402E-30 1.581E-06.07130.095  170.07590.71-.012292       31414 01       0 0 0 01                    R 21e     466653293910 9 811    45.0   43.0
 2113831.375307 2.873E-30 1.316E-06.06650.078 1405.98470.75-.019596       2 1 1 52       0 1 1 01                    P 43e     456553343910 9 811    85.0   87.0
 2313831.641210 1.058E-30 1.593E-06.06930.090  278.27970.74-.017144       2 0 0 52       0 0 0 01                    R 27e     466653293910 9 811    57.0   55.0
 2313831.738540 1.123E-30 1.591E-06.06960.091  258.40710.73-.016950       2 0 0 52       0 0 0 01                    R 26e     466653293910 9 811    55.0   53.0
 2313831.806060 1.186E-30 1.589E-06.06990.092  239.26980.73-.016753       2 0 0 52       0 0 0 01                    R 25e     466653293910 9 811    53.0   51.0
 2313831.829820 1.355E-30 1.583E-06.07090.095  186.27100.71-.016140       2 0 0 52       0 0 0 01                    R 22e     466653293910 9 811    47.0   45.0
 2313831.843780 1.246E-30 1.587E-06.07020.093  220.86800.72-.016552       2 0 0 52       0 0 0 01                    R 24e     466653293910 9 811    51.0   49.0
 2313831.851700 1.303E-30 1.585E-06.07060.094  203.20170.72-.016348       2 0 0 52       0 0 0 01                    R 23e     466653293910 9 811    49.0   47.0
 2113831.931471 1.310E-29 1.936E-07.06650.078  704.30050.75-.019750       2 0 0 53       0 0 0 01                    R 42e     466553343910 9 811    87.0   85.0
 2113832.074149 7.872E-29 1.642E-07.07620.104   60.87090.67-.013726       2 0 0 53       0 0 0 01                    R 12e     466653343910 9 811    27.0   25.0
 2113832.248501 1.170E-30 2.283E-06.07310.099 1521.61540.69-.015776       3 0 0 52       1 0 0 01                    P 18e     456653343910 9 811    35.0   37.0
 2113832.725879 1.688E-29 1.909E-07.06680.080  639.60040.75-.019431       2 0 0 53       0 0 0 01                    R 40e     466653343910 9 811    83.0   81.0
 2113832.841308 8.239E-29 1.659E-07.07480.102   81.94010.68-.014277       2 0 0 53       0 0 0 01                    R 14e     466653343910 9 811    31.0   29.0
 2113833.406802 2.139E-29 1.885E-07.06700.081  578.01160.76-.019104       2 0 0 53       0 0 0 01                    R 38e     466653343910 9 811    79.0   77.0
 2113833.486808 3.355E-30 1.344E-06.06660.079 1373.54200.75-.019459       2 1 1 52       0 1 1 01                    P 42f     456553343910 9 811    83.0   85.0
 2113833.498490 8.349E-29 1.675E-07.07370.100  106.12970.68-.014785       2 0 0 53       0 0 0 01                    R 16e     466653343910 9 811    35.0   33.0
 2113833.974591 2.665E-29 1.861E-07.06730.083  519.53500.76-.018769       2 0 0 53       0 0 0 01                    R 36e     466653343910 9 811    75.0   73.0
 2113834.045520 8.224E-29 1.691E-07.07260.098  133.43930.69-.015260       2 0 0 53       0 0 0 01                    R 18e     466653343910 9 811    39.0   37.0
 2113834.429584 3.260E-29 1.837E-07.06770.084  464.17170.75-.018425       2 0 0 53       0 0 0 01                    R 34e     466653343910 9 811    71.0   69.0
 2113834.482203 7.893E-29 1.707E-07.07170.096  163.86840.70-.015710       2 0 0 53       0 0 0 01                    R 20e     466653343910 9 811    43.0   41.0
 2113834.772112 3.918E-29 1.816E-07.06810.086  411.92250.75-.018072       2 0 0 53       0 0 0 01                    R 32e     466653343910 9 811    67.0   65.0
 2113834.808329 7.398E-29 1.723E-07.07090.095  197.41660.71-.016140       2 0 0 53       0 0 0 01                    R 22e     466653343910 9 811    47.0   45.0
 2113834.858625 1.188E-30 2.292E-06.07420.101 1494.30710.68-.015401       3 0 0 52       1 0 0 01                    P 16e     456653343910 9 811    31.0   33.0
 2113835.002489 4.626E-29 1.795E-07.06850.088  362.78830.75-.017709       2 0 0 53       0 0 0 01                    R 30e     466653343910 9 811    63.0   61.0
 2113835.023672 6.782E-29 1.739E-07.07020.093  234.08340.72-.016552       2 0 0 53       0 0 0 01                    R 24e     466653343910 9 811    51.0   49.0
 2113835.121018 5.360E-29 1.776E-07.06900.089  316.76990.74-.017335       2 0 0 53       0 0 0 01                    R 28e     466653343910 9 811    59.0   57.0
 2113835.127988 6.091E-29 1.758E-07.06960.091  273.86800.73-.016950       2 0 0 53       0 0 0 01                    R 26e     466653343910 9 811    55.0   53.0
 2113835.427400 3.788E-30 1.319E-06.06680.080 1339.65920.75-.019322       2 1 1 52       0 1 1 01                    P 41e     456553343910 9 811    81.0   83.0
 2113837.342124 1.169E-30 2.303E-06.07550.103 1470.11880.67-.014999       3 0 0 52       1 0 0 01                    P 14e     456653343910 9 811    27.0   29.0
 2113837.492639 4.369E-30 1.343E-06.06690.080 1308.67160.76-.019183       2 1 1 52       0 1 1 01                    P 40f     456653343910 9 811    79.0   81.0
 2113838.316874 1.135E-30 1.576E-06.05950.067 1722.94130.68-.022442       2 0 0 52       0 0 0 01                    P 66e     455543343910 9 811   131.0  133.0
 2113839.366189 4.901E-30 1.322E-06.06700.081 1276.44760.76-.019043       2 1 1 52       0 1 1 01                    P 39e     456653343910 9 811    77.0   79.0
 2113839.698772 1.110E-30 2.318E-06.07700.105 1449.05090.67-.014557       3 0 0 52       1 0 0 01                    P 12e     456653343910 9 811    23.0   25.0
 2113840.266252 1.258E-30 1.970E-06.08200.112 1301.80820.67-.011633       3 0 0 53       1 0 0 02                    R  6e     456653343910 9 811    15.0   13.0
 2113841.378366 5.591E-30 1.341E-06.06720.082 1246.92050.76-.018903       2 1 1 52       0 1 1 01                    P 38f     456653343910 9 811    75.0   77.0
 2113841.381150 1.525E-30 1.996E-06.07970.109 1313.52210.67-.010774      12 1 1 0d       1 0 0 02                    R  8e     456653293910 9 811    19.0   17.0
 2113841.928384 1.009E-30 2.339E-06.07870.108 1431.10360.67-.014059       3 0 0 52       1 0 0 01                    P 10e     456653343910 9 811    19.0   21.0
 2113842.255120 1.729E-30 2.010E-06.07780.107 1328.35940.67-.013118       3 0 0 53       1 0 0 02                    R 10e     456653343910 9 811    23.0   21.0
 2113843.072545 1.865E-30 2.015E-06.07620.104 1346.31960.67-.013726       3 0 0 53       1 0 0 02                    R 12e     456653343910 9 811    27.0   25.0
 2113843.189725 6.230E-30 1.324E-06.06730.083 1216.35090.76-.018761       2 1 1 52       0 1 1 01                    P 37e     456653343910 9 811    73.0   75.0
 2113843.773710 1.930E-30 2.012E-06.07480.102 1367.40260.68-.014277       3 0 0 53       1 0 0 02                    R 14e     456653343910 9 811    31.0   29.0
 2113843.933364 1.800E-30 1.572E-06.06010.068 1621.00360.68-.022216       2 0 0 52       0 0 0 01                    P 64e     455543343910 9 811   127.0  129.0
 2113844.360993 1.923E-30 1.998E-06.07370.100 1391.60780.68-.014785       3 0 0 53       1 0 0 02                    R 16e     456653343910 9 811    35.0   33.0
 2113844.838455 1.850E-30 1.970E-06.07260.098 1418.93480.69-.015260       3 0 0 53       1 0 0 02                    R 18e     456653343910 9 811    39.0   37.0
 2113845.143898 7.029E-30 1.340E-06.06750.083 1188.28970.76-.018617       2 1 1 52       0 1 1 01                    P 36f     456653343910 9 811    71.0   73.0
 2113845.213397 1.710E-30 1.916E-06.07170.096 1449.38310.70-.015710       3 0 0 53       1 0 0 02                    R 20e     456653343910 9 811    43.0   41.0
 2113845.499701 1.504E-30 1.814E-06.07090.095 1482.95210.71-.016140       3 0 0 53       1 0 0 02                    R 22e     456653343910 9 811    47.0   45.0
 2113845.724972 1.222E-30 1.624E-06.07020.093 1519.64110.72-.016552       3 0 0 53       1 0 0 02                    R 24e     456653343910 9 811    51.0   49.0
 2113846.896614 7.772E-30 1.325E-06.06770.084 1159.37030.75-.018473       2 1 1 52       0 1 1 01                    P 35e     456653343910 9 811    69.0   71.0
 2113848.789161 8.785E-30 1.356E-06.06790.085 1132.78030.75-.018328       2 1 1 52       0 1 1 01                    P 34f     466653343910 9 811    67.0   69.0
 2113849.423986 2.809E-30 1.568E-06.06080.068 1522.16110.69-.021986       2 0 0 52       0 0 0 01                    P 62e     455543343910 9 811   123.0  125.0
 2113850.485806 9.638E-30 1.343E-06.06810.086 1105.50660.75-.018181       2 1 1 52       0 1 1 01                    P 33e     466653343910 9 811    65.0   67.0
 2113852.314093 1.064E-29 1.355E-06.06830.087 1080.39310.75-.018033       2 1 1 52       0 1 1 01                    P 32f     466653343910 9 811    63.0   65.0
 2113853.956489 1.157E-29 1.344E-06.06850.088 1054.76070.75-.017884       2 1 1 52       0 1 1 01                    P 31e     466653343910 9 811    61.0   63.0
 2113854.788691 4.314E-30 1.564E-06.06170.069 1426.41530.70-.021752       2 0 0 52       0 0 0 01                    P 60e     455543343910 9 811   119.0  121.0
 2113855.718641 1.265E-29 1.354E-06.06880.088 1031.12910.74-.017733       2 1 1 52       0 1 1 01                    P 30f     466653343910 9 811    59.0   61.0
 2113857.308016 1.363E-29 1.345E-06.06900.089 1007.13350.74-.017581       2 1 1 52       0 1 1 01                    P 29e     466653343910 9 811    57.0   59.0
 2113857.646056 1.113E-30 2.137E-06.07780.107 1431.10360.67-.013118       3 0 0 52       1 0 0 01                    R 10e     456653343910 9 811    23.0   21.0
 2113858.410054 1.207E-30 2.153E-06.07620.104 1449.05090.67-.013726       3 0 0 52       1 0 0 01                    R 12e     456653343910 9 811    27.0   25.0
 2113859.002763 1.474E-29 1.354E-06.06930.090  984.98900.74-.017428       2 1 1 52       0 1 1 01                    P 28f     466653343910 9 811    55.0   57.0
 2113859.046905 1.258E-30 2.166E-06.07480.102 1470.11880.68-.014277       3 0 0 52       1 0 0 01                    R 14e     456653343910 9 811    31.0   29.0
 2113859.556789 1.268E-30 2.176E-06.07370.100 1494.30710.68-.014785       3 0 0 52       1 0 0 01                    R 16e     456653343910 9 811    35.0   33.0
 2113859.939936 1.242E-30 2.184E-06.07260.098 1521.61540.69-.015260       3 0 0 52       1 0 0 01                    R 18e     456653343910 9 811    39.0   37.0
 2113860.027442 6.518E-30 1.559E-06.06270.070 1333.76790.70-.021514       2 0 0 52       0 0 0 01                    P 58e     455543343910 9 811   115.0  117.0
 2113860.196659 1.185E-30 2.191E-06.07170.096 1552.04330.70-.015710       3 0 0 52       1 0 0 01                    R 20e     456653343910 9 811    43.0   41.0
 2113860.327754 1.102E-30 2.195E-06.07090.095 1585.59040.71-.016140       3 0 0 52       1 0 0 01                    R 22e     456653343910 9 811    47.0   45.0
 2113860.464570 1.004E-30 2.202E-06.07020.093 1622.25620.72-.016552       3 0 0 52       1 0 0 01                    R 24e     456653293910 9 811    51.0   49.0
 2113860.539867 1.574E-29 1.346E-06.06960.091  962.62570.73-.017273       2 1 1 52       0 1 1 01                    P 27e     466653343910 9 811    53.0   55.0
 2113862.166419 1.684E-29 1.353E-06.06990.092  941.97360.73-.017116       2 1 1 52       0 1 1 01                    P 26f     466653343910 9 811    51.0   53.0
 2113863.651614 1.780E-29 1.347E-06.07020.093  921.23810.72-.016958       2 1 1 52       0 1 1 01                    P 25e     466653343910 9 811    49.0   51.0
 2113865.140215 9.689E-30 1.555E-06.06380.070 1244.22040.71-.021272       2 0 0 52       0 0 0 01                    P 56e     455543343910 9 811   111.0  113.0
 2113865.209576 1.883E-29 1.354E-06.07060.094  902.08370.72-.016797       2 1 1 52       0 1 1 01                    P 24f     466653343910 9 811    47.0   49.0
 2113866.642905 1.970E-29 1.348E-06.07090.095  882.97140.71-.016634       2 1 1 52       0 1 1 01                    P 23e     466653343910 9 811    45.0   47.0
 2113868.132203 2.037E-29 1.339E-06.07130.095  865.31990.71-.016469       2 1 1 52       0 1 1 01                    P 22f     466653343910 9 811    43.0   45.0
 2113869.513444 2.107E-29 1.334E-06.07170.096  847.82630.70-.016301       2 1 1 52       0 1 1 01                    P 21e     466653343910 9 811    41.0   43.0
 2113870.126998 1.417E-29 1.552E-06.06470.071 1157.77410.72-.021026       2 0 0 52       0 0 0 01                    P 54e     455543343910 9 811   107.0  109.0
 2113870.934275 2.177E-29 1.340E-06.07220.097  831.68290.70-.016130       2 1 1 52       0 1 1 01                    P 20f     466653343910 9 811    39.0   41.0
 2113872.262984 2.251E-29 1.352E-06.07260.098  815.80320.69-.015955       2 1 1 52       0 1 1 01                    P 19e     466653343910 9 811    37.0   39.0
 2113873.615764 2.295E-29 1.358E-06.07310.099  801.17310.69-.015776       2 1 1 52       0 1 1 01                    P 18f     466653343910 9 811    35.0   37.0
 2113874.891315 2.314E-29 1.355E-06.07370.100  786.90280.68-.015591       2 1 1 52       0 1 1 01                    P 17e     466653343910 9 811    33.0   35.0
 2113874.987786 2.122E-29 1.610E-06.06530.072 1074.43060.72-.020775       2 0 0 52       0 0 0 01                    P 52e     465543343910 9 811   103.0  105.0
 2113876.176649 2.326E-29 1.361E-06.07420.101  773.79110.68-.015401       2 1 1 52       0 1 1 01                    P 16f     466653343910 9 811    31.0   33.0
 2113877.398259 2.310E-29 1.359E-06.07480.102  761.12550.68-.015204       2 1 1 52       0 1 1 01                    P 15e     466653343910 9 811    29.0   31.0
 2113878.616905 2.285E-29 1.364E-06.07550.103  749.53740.67-.014999       2 1 1 52       0 1 1 01                    P 14f     466653343910 9 811    27.0   29.0
 2113879.722584 3.002E-29 1.606E-06.06580.074  994.19130.73-.020521       2 0 0 52       0 0 0 01                    P 50e     465553343910 9 811    99.0  101.0
 2113879.783666 2.231E-29 1.364E-06.07620.104  738.47170.67-.014784       2 1 1 52       0 1 1 01                    P 13e     466653343910 9 811    25.0   27.0
 2113880.936510 2.165E-29 1.370E-06.07700.105  728.41230.67-.014557       2 1 1 52       0 1 1 01                    P 12f     466653343910 9 811    23.0   25.0
 2113882.047408 2.070E-29 1.370E-06.07780.107  718.94190.67-.014316       2 1 1 52       0 1 1 01                    P 11e     466653343910 9 811    21.0   23.0
 2113883.135443 1.962E-29 1.377E-06.07870.108  710.41630.67-.014059       2 1 1 52       0 1 1 01                    P 10f     466653343910 9 811    19.0   21.0
 2113884.189377 1.826E-29 1.379E-06.07970.109  702.53630.67-.013781       2 1 1 52       0 1 1 01                    P  9e     466653343910 9 811    17.0   19.0
 2113884.331401 4.178E-29 1.602E-06.06600.075  917.05730.74-.020262       2 0 0 52       0 0 0 01                    P 48e     465553343910 9 811    95.0   97.0
 2113885.213679 1.677E-29 1.388E-06.08080.111  695.54960.67-.013478       2 1 1 52       0 1 1 01                    P  8f     466653343910 9 811    15.0   17.0
 2113886.209482 1.502E-29 1.391E-06.08200.112  689.25530.67-.013146       2 1 1 52       0 1 1 01                    P  7e     466653343910 9 811    13.0   15.0
 2113887.171197 1.314E-29 1.402E-06.08340.114  683.81240.67-.012777       2 1 1 52       0 1 1 01                    P  6f     466653343910 9 811    11.0   13.0
 2113888.107646 1.105E-29 1.407E-06.08490.116  679.09900.67-.012363       2 1 1 52       0 1 1 01                    P  5e     466653343910 9 811     9.0   11.0
 2113888.814256 5.717E-29 1.598E-06.06620.076  843.03010.74-.019999       2 0 0 52       0 0 0 01                    P 46e     465553343910 9 811    91.0   93.0
 2113889.007974 8.810E-30 1.416E-06.08660.118  675.20500.68-.011887       2 1 1 52       0 1 1 01                    P  4f     466653343910 9 811     7.0    9.0
 2113889.883810 6.350E-30 1.407E-06.08850.120  672.06760.68-.011323       2 1 1 52       0 1 1 01                    P  3e     466653343910 9 811     5.0    7.0
 2113890.723983 3.619E-30 1.322E-06.09050.123  669.72740.68-.010598       2 1 1 52       0 1 1 01                    P  2f     466653343910 9 811     3.0    5.0
 2113892.001656 1.056E-30 1.321E-07.08660.118  675.20500.68-.011013       2 1 1 52       0 1 1 01                    Q  4f     466653343910 9 811     9.0    9.0
 2113892.145364 1.392E-30 2.205E-07.08850.120  672.06760.68-.010437       2 1 1 52       0 1 1 01                    Q  3e     466653343910 9 811     7.0    7.0
 2113892.149400 1.016E-30 1.359E-06.06560.073 1664.19460.73-.020952       2 1 1 52       0 1 1 01                    R 50f     455553293910 9 811   103.0  101.0
 2113892.223935 2.008E-30 4.402E-07.09050.123  669.72740.68-.009783       2 1 1 52       0 1 1 01                    Q  2f     466653343910 9 811     5.0    5.0
 2113892.290229 3.648E-30 1.323E-06.09500.127  668.16120.69-.009034       2 1 1 52       0 1 1 01                    Q  1e     466653343910 9 811     3.0    3.0
 2113892.985890 1.067E-30 1.195E-06.06580.074 1623.63350.73-.020808       2 1 1 52       0 1 1 01                    R 49e     355553343910 9 811   101.0   99.0
 2113893.171167 7.693E-29 1.594E-06.06640.077  772.11070.75-.019731       2 0 0 52       0 0 0 01                    P 44e     465553343910 9 811    87.0   89.0
 2113893.601719 1.418E-30 1.355E-06.06590.074 1586.85820.73-.020662       2 1 1 52       0 1 1 01                    R 48f     455553343910 9 811    99.0   97.0
 2113893.790181 3.642E-30 7.926E-07.09050.123  668.16120.68-.008969       2 1 1 52       0 1 1 01                    R  1e     466653343910 9 811     5.0    3.0
 2113894.246178 1.598E-30 1.290E-06.06600.075 1547.97310.74-.020514       2 1 1 52       0 1 1 01                    R 47e     455553343910 9 811    97.0   95.0
 2113894.485490 6.440E-30 1.009E-06.08850.120  669.72740.68-.009552       2 1 1 52       0 1 1 01                    R  2f     466653343910 9 811     7.0    5.0
 2113894.971717 1.945E-30 1.350E-06.06620.075 1512.63650.74-.020365       2 1 1 52       0 1 1 01                    R 46f     455553343910 9 811    95.0   93.0
 2113895.139046 8.939E-30 1.102E-06.08660.118  672.06760.68-.010138       2 1 1 52       0 1 1 01                    R  3e     466653343910 9 811     9.0    7.0
 2113895.495328 2.203E-30 1.304E-06.06620.076 1475.42300.74-.020214       2 1 1 52       0 1 1 01                    R 45e     455553343910 9 811    93.0   91.0
 2113895.778615 1.129E-29 1.156E-06.08490.116  675.20500.67-.010683       2 1 1 52       0 1 1 01                    R  4f     466653343910 9 811    11.0    9.0
 2113896.221112 2.623E-30 1.346E-06.06630.077 1441.53070.75-.020061       2 1 1 52       0 1 1 01                    R 44f     455553343910 9 811    91.0   89.0
 2113896.365794 1.345E-29 1.187E-06.08340.114  679.09900.67-.011180       2 1 1 52       0 1 1 01                    R  5e     466653343910 9 811    13.0   11.0
 2113896.651215 2.967E-30 1.310E-06.06640.077 1405.98470.75-.019906       2 1 1 52       0 1 1 01                    R 43e     456553343910 9 811    89.0   87.0
 2113896.950854 1.548E-29 1.212E-06.08200.112  683.81240.67-.011633       2 1 1 52       0 1 1 01                    R  6f     466653343910 9 811    15.0   13.0
 2113897.349672 3.478E-30 1.342E-06.06650.078 1373.54200.75-.019750       2 1 1 52       0 1 1 01                    R 42f     456553343910 9 811    87.0   85.0
 2113897.402161 1.018E-28 1.591E-06.06660.079  704.30050.75-.019459       2 0 0 52       0 0 0 01                    P 42e     466553343910 9 811    83.0   85.0
 2113897.470432 1.729E-29 1.227E-06.08080.111  689.25530.67-.012048       2 1 1 52       0 1 1 01                    R  7e     466653343910 9 811    17.0   15.0
 2113897.700832 3.918E-30 1.312E-06.06660.079 1339.65920.75-.019591       2 1 1 52       0 1 1 01                    R 41e     456553343910 9 811    85.0   83.0
 2113898.002179 1.898E-29 1.242E-06.07970.109  695.54960.67-.012431       2 1 1 52       0 1 1 01                    R  8f     466653343910 9 811    19.0   17.0
 2113898.357253 4.532E-30 1.337E-06.06680.080 1308.67160.75-.019431       2 1 1 52       0 1 1 01                    R 40f     456653343910 9 811    83.0   81.0
 2113898.452986 2.039E-29 1.249E-06.07870.108  702.53630.67-.012786       2 1 1 52       0 1 1 01                    R  9e     466653343910 9 811    21.0   19.0
 2113898.638998 5.078E-30 1.313E-06.06690.080 1276.44760.76-.019269       2 1 1 52       0 1 1 01                    R 39e     456653343910 9 811    81.0   79.0
 2113898.932560 2.169E-29 1.261E-06.07780.107  710.41630.67-.013118       2 1 1 52       0 1 1 01                    R 10f     466653343910 9 811    23.0   21.0
 2113899.243760 5.803E-30 1.333E-06.06700.081 1246.92050.76-.019104       2 1 1 52       0 1 1 01                    R 38f     456653343910 9 811    79.0   77.0
 2113899.313493 2.269E-29 1.265E-06.07700.105  718.94190.67-.013430       2 1 1 52       0 1 1 01                    R 11e     466653343910 9 811    25.0   23.0
 2113899.462808 6.461E-30 1.312E-06.06720.082 1216.35090.76-.018938       2 1 1 52       0 1 1 01                    R 37e     456653343910 9 811    77.0   75.0
 2113899.741968 2.357E-29 1.274E-06.07620.104  728.41230.67-.013726       2 1 1 52       0 1 1 01                    R 12f     466653343910 9 811    27.0   25.0
 2113900.009133 7.301E-30 1.328E-06.06730.083 1188.28970.76-.018769       2 1 1 52       0 1 1 01                    R 36f     456653343910 9 811    75.0   73.0
 2113900.052011 2.414E-29 1.276E-06.07550.103  738.47170.67-.014008       2 1 1 52       0 1 1 01                    R 13e     466653343910 9 811    29.0   27.0
 2113900.170366 8.070E-30 1.311E-06.06750.083 1159.37030.76-.018598       2 1 1 52       0 1 1 01                    R 35e     456653343910 9 811    73.0   71.0
 2113900.430372 2.461E-29 1.284E-06.07480.102  749.53740.68-.014277       2 1 1 52       0 1 1 01                    R 14f     466653343910 9 811    31.0   29.0
 2113900.653331 9.022E-30 1.324E-06.06770.084 1132.78030.75-.018425       2 1 1 52       0 1 1 01                    R 34f     456653343910 9 811    71.0   69.0
 2113900.668614 2.477E-29 1.284E-06.07420.101  761.12550.68-.014535       2 1 1 52       0 1 1 01                    R 15e     466653343910 9 811    33.0   31.0
 2113900.760329 9.894E-30 1.309E-06.06790.085 1105.50660.75-.018250       2 1 1 52       0 1 1 01                    R 33e     456653343910 9 811    69.0   67.0
 2113900.997743 2.485E-29 1.292E-06.07370.100  773.79110.68-.014785       2 1 1 52       0 1 1 01                    R 16f     466653343910 9 811    35.0   33.0
 2113901.163403 2.464E-29 1.292E-06.07310.099  786.90280.69-.015026       2 1 1 52       0 1 1 01                    R 17e     466653343910 9 811    37.0   35.0
 2113901.176333 1.109E-29 1.337E-06.06810.086 1080.39310.75-.018072       2 1 1 52       0 1 1 01                    R 32f     466653343910 9 811    67.0   65.0
 2113901.231700 1.205E-29 1.322E-06.06830.087 1054.76070.75-.017892       2 1 1 52       0 1 1 01                    R 31e     466653343910 9 811    65.0   63.0
 2113901.444051 2.409E-29 1.284E-06.07260.098  801.17310.69-.015260       2 1 1 52       0 1 1 01                    R 18f     466653343910 9 811    39.0   37.0
 2113901.507266 1.323E-28 1.588E-06.06690.080  639.60040.76-.019183       2 0 0 52       0 0 0 01                    P 40e     466653343910 9 811    79.0   81.0
 2113901.536502 2.356E-29 1.283E-06.07220.097  815.80320.70-.015488       2 1 1 52       0 1 1 01                    R 19e     466653343910 9 811    41.0   39.0
 2113901.578130 1.320E-29 1.332E-06.06850.088 1031.12910.75-.017709       2 1 1 52       0 1 1 01                    R 30f     466653343910 9 811    63.0   61.0
 2113901.583717 1.422E-29 1.319E-06.06880.088 1007.13350.74-.017523       2 1 1 52       0 1 1 01                    R 29e     466653343910 9 811    61.0   59.0
 2113901.769268 2.301E-29 1.291E-06.07170.096  831.68290.70-.015710       2 1 1 52       0 1 1 01                    R 20f     466653343910 9 811    43.0   41.0
 2113901.788070 2.247E-29 1.303E-06.07130.095  847.82630.71-.015928       2 1 1 52       0 1 1 01                    R 21e     466653343910 9 811    45.0   43.0
 2113901.815787 1.645E-29 1.316E-06.06930.090  962.62570.74-.017144       2 1 1 52       0 1 1 01                    R 27e     466653343910 9 811    57.0   55.0
 2113901.858720 1.541E-29 1.327E-06.06900.089  984.98900.74-.017335       2 1 1 52       0 1 1 01                    R 28f     466653343910 9 811    59.0   57.0
 2113901.918301 2.070E-29 1.308E-06.07060.094  882.97140.72-.016348       2 1 1 52       0 1 1 01                    R 23e     466653343910 9 811    49.0   47.0
 2113901.927440 1.865E-29 1.312E-06.06990.092  921.23810.73-.016753       2 1 1 52       0 1 1 01                    R 25e     466653343910 9 811    53.0   51.0
 2113901.973367 2.170E-29 1.311E-06.07090.095  865.31990.71-.016140       2 1 1 52       0 1 1 01                    R 22f     466653343910 9 811    47.0   45.0
 2113902.018113 1.764E-29 1.322E-06.06960.091  941.97360.73-.016950       2 1 1 52       0 1 1 01                    R 26f     466653343910 9 811    55.0   53.0
 2113902.056323 1.977E-29 1.317E-06.07020.093  902.08370.72-.016552       2 1 1 52       0 1 1 01                    R 24f     466653343910 9 811    51.0   49.0
 2113905.486510 1.690E-28 1.585E-06.06720.082  578.01160.76-.018903       2 0 0 52       0 0 0 01                    P 38e     466653343910 9 811    75.0   77.0
 2113909.339926 2.122E-28 1.582E-06.06750.083  519.53500.76-.018617       2 0 0 52       0 0 0 01                    P 36e     466653343910 9 811    71.0   73.0
 2113913.067546 2.615E-28 1.580E-06.06790.085  464.17170.75-.018328       2 0 0 52       0 0 0 01                    P 34e     466653343910 9 811    67.0   69.0
 2113916.669401 3.165E-28 1.578E-06.06830.087  411.92250.75-.018033       2 0 0 52       0 0 0 01                    P 32e     466653343910 9 811    63.0   65.0
 2113920.145523 3.758E-28 1.576E-06.06880.088  362.78830.74-.017733       2 0 0 52       0 0 0 01                    P 30e     466653343910 9 811    59.0   61.0
 2113923.495944 4.377E-28 1.576E-06.06930.090  316.76990.74-.017428       2 0 0 52       0 0 0 01                    P 28e     466653343910 9 811    55.0   57.0
 2113926.720691 4.995E-28 1.575E-06.06990.092  273.86800.73-.017116       2 0 0 52       0 0 0 01                    P 26e     466653343910 9 811    51.0   53.0
 2113929.819792 5.583E-28 1.575E-06.07060.094  234.08340.72-.016797       2 0 0 52       0 0 0 01                    P 24e     466653343910 9 811    47.0   49.0
 2113932.793272 6.105E-28 1.576E-06.07130.095  197.41660.71-.016469       2 0 0 52       0 0 0 01                    P 22e     466653343910 9 811    43.0   45.0
 2113935.641153 6.522E-28 1.578E-06.07220.097  163.86840.70-.016130       2 0 0 52       0 0 0 01                    P 20e     466653343910 9 811    39.0   41.0
 2113937.605713 1.173E-30 1.603E-06.05930.067 1722.94130.67-.023048       2 0 0 52       0 0 0 01                    R 66e     455543343910 9 811   135.0  133.0
 2113938.363454 6.795E-28 1.580E-06.07310.099  133.43930.69-.015776       2 0 0 52       0 0 0 01                    P 18e     466653343910 9 811    35.0   37.0
 2113940.254536 1.860E-30 1.597E-06.05980.067 1621.00360.68-.022806       2 0 0 52       0 0 0 01                    R 64e     455543343910 9 811   131.0  129.0
 2113940.960189 6.888E-28 1.584E-06.07420.101  106.12970.68-.015401       2 0 0 52       0 0 0 01                    P 16e     466653343910 9 811    31.0   33.0
 2113942.775884 2.903E-30 1.590E-06.06040.068 1522.16110.69-.022559       2 0 0 52       0 0 0 01                    R 62e     455543343910 9 811   127.0  125.0
 2113943.431370 6.772E-28 1.591E-06.07550.103   81.94010.67-.014999       2 0 0 52       0 0 0 01                    P 14e     466653343910 9 811    27.0   29.0
 2113945.169742 4.459E-30 1.584E-06.06120.069 1426.41530.69-.022306       2 0 0 52       0 0 0 01                    R 60e     455543343910 9 811   123.0  121.0
 2113945.777006 6.424E-28 1.599E-06.07700.105   60.87090.67-.014557       2 0 0 52       0 0 0 01                    P 12e     466653343910 9 811    23.0   25.0
 2113947.436111 6.738E-30 1.578E-06.06220.069 1333.76790.70-.022047       2 0 0 52       0 0 0 01                    R 58e     455543343910 9 811   119.0  117.0
 2113947.997099 5.837E-28 1.613E-06.07870.108   42.92250.67-.014059       2 0 0 52       0 0 0 01                    P 10e     466653343910 9 811    19.0   21.0
 2113949.575005 1.002E-29 1.571E-06.06320.070 1244.22040.71-.021783       2 0 0 52       0 0 0 01                    R 56e     455543343910 9 811   115.0  113.0
 2113950.091649 5.015E-28 1.634E-06.08080.111   28.09510.67-.013478       2 0 0 52       0 0 0 01                    P  8e     466653343910 9 811    15.0   17.0
 2113951.586451 1.466E-29 1.565E-06.06420.071 1157.77410.71-.021512       2 0 0 52       0 0 0 01                    R 54e     455543343910 9 811   111.0  109.0
 2113952.060650 3.980E-28 1.671E-06.08340.114   16.38900.67-.012777       2 0 0 52       0 0 0 01                    P  6e     466653343910 9 811    11.0   13.0
 2113953.470488 2.109E-29 1.559E-06.06500.072 1074.43060.72-.021235       2 0 0 52       0 0 0 01                    R 52e     455543343910 9 811   107.0  105.0
 2113953.904092 2.669E-28 1.689E-06.08660.118    7.80430.68-.011887       2 0 0 52       0 0 0 01                    P  4e     466653343910 9 811     7.0    9.0
 2113955.227162 3.108E-29 1.616E-06.06560.073  994.19130.73-.020952       2 0 0 52       0 0 0 01                    R 50e     465553343910 9 811   103.0  101.0
 2113955.621961 1.420E-28 2.043E-06.09050.123    2.34130.68-.010598       2 0 0 52       0 0 0 01                    P  2e     466653343910 9 811     3.0    5.0
 2113956.856528 4.327E-29 1.609E-06.06590.074  917.05730.73-.020662       2 0 0 52       0 0 0 01                    R 48e     465553343910 9 811    99.0   97.0
 2113957.963270 7.185E-29 1.022E-06.09500.127    0.00000.69-.008556       2 0 0 52       0 0 0 01                    R  0e     466653343910 9 811     3.0    1.0
 2113958.358648 5.924E-29 1.602E-06.06620.075  843.03010.74-.020365       2 0 0 52       0 0 0 01                    R 46e     465553343910 9 811    95.0   93.0
 2113959.367109 2.057E-28 1.269E-06.08850.120    2.34130.68-.009552       2 0 0 52       0 0 0 01                    R  2e     466653343910 9 811     7.0    5.0
 2113959.733590 7.975E-29 1.595E-06.06630.077  772.11070.75-.020061       2 0 0 52       0 0 0 01                    R 44e     465553343910 9 811    91.0   89.0
 2113960.234139 1.201E-30 6.808E-07.06080.068 1522.16110.69-.021986       2 0 0 51       0 0 0 01                    P 62e     455543343910 9 811   123.0  125.0
 2113960.645285 3.462E-28 1.396E-06.08490.116    7.80430.67-.010683       2 0 0 52       0 0 0 01                    R  4e     466653343910 9 811    11.0    9.0
 2113960.981425 1.056E-28 1.589E-06.06650.078  704.30050.75-.019750       2 0 0 52       0 0 0 01                    R 42e     466553343910 9 811    87.0   85.0
 2113961.797761 4.653E-28 1.434E-06.08200.112   16.38900.67-.011633       2 0 0 52       0 0 0 01                    R  6e     466653343910 9 811    15.0   13.0
 2113962.102230 1.373E-28 1.582E-06.06680.080  639.60040.75-.019431       2 0 0 52       0 0 0 01                    R 40e     466653343910 9 811    83.0   81.0
 2113962.824497 5.658E-28 1.458E-06.07970.109   28.09510.67-.012431       2 0 0 52       0 0 0 01                    R  8e     466653343910 9 811    19.0   17.0
 2113963.096083 1.756E-28 1.576E-06.06700.081  578.01160.76-.019104       2 0 0 52       0 0 0 01                    R 38e     466653343910 9 811    79.0   77.0
 2113963.725446 6.442E-28 1.474E-06.07780.107   42.92250.67-.013118       2 0 0 52       0 0 0 01                    R 10e     466653343910 9 811    23.0   21.0
 2113963.963066 2.206E-28 1.569E-06.06730.083  519.53500.76-.018769       2 0 0 52       0 0 0 01                    R 36e     466653343910 9 811    75.0   73.0
 2113964.500558 6.987E-28 1.486E-06.07620.104   60.87090.67-.013726       2 0 0 52       0 0 0 01                    R 12e     466653343910 9 811    27.0   25.0
 2113964.703261 2.722E-28 1.563E-06.06770.084  464.17170.75-.018425       2 0 0 52       0 0 0 01                    R 34e     466653343910 9 811    71.0   69.0
 2113965.149778 7.289E-28 1.496E-06.07480.102   81.94010.68-.014277       2 0 0 52       0 0 0 01                    R 14e     466653343910 9 811    31.0   29.0
 2113965.316750 3.297E-28 1.557E-06.06810.086  411.92250.75-.018072       2 0 0 52       0 0 0 01                    R 32e     466653343910 9 811    67.0   65.0
 2113965.404004 1.875E-30 6.905E-07.06170.069 1426.41530.70-.021752       2 0 0 51       0 0 0 01                    P 60e     455543343910 9 811   119.0  121.0
 2113965.673048 7.358E-28 1.504E-06.07370.100  106.12970.68-.014785       2 0 0 52       0 0 0 01                    R 16e     466653343910 9 811    35.0   33.0
 2113965.803618 3.921E-28 1.551E-06.06850.088  362.78830.75-.017709       2 0 0 52       0 0 0 01                    R 30e     466653343910 9 811    63.0   61.0
 2113966.070305 7.215E-28 1.512E-06.07260.098  133.43930.69-.015260       2 0 0 52       0 0 0 01                    R 18e     466653343910 9 811    39.0   37.0
 2113966.163947 4.574E-28 1.544E-06.06900.089  316.76990.74-.017335       2 0 0 52       0 0 0 01                    R 28e     466653343910 9 811    59.0   57.0
 2113966.341482 6.893E-28 1.519E-06.07170.096  163.86840.70-.015710       2 0 0 52       0 0 0 01                    R 20e     466653343910 9 811    43.0   41.0
 2113966.397818 5.230E-28 1.538E-06.06960.091  273.86800.73-.016950       2 0 0 52       0 0 0 01                    R 26e     466653343910 9 811    55.0   53.0
 2113966.486509 6.429E-28 1.526E-06.07090.095  197.41660.71-.016140       2 0 0 52       0 0 0 01                    R 22e     466653343910 9 811    47.0   45.0
 2113966.505313 5.861E-28 1.532E-06.07020.093  234.08340.72-.016552       2 0 0 52       0 0 0 01                    R 24e     466653343910 9 811    51.0   49.0
 2113970.460155 2.878E-30 6.997E-07.06270.070 1333.76790.70-.021514       2 0 0 51       0 0 0 01                    P 58e     455543343910 9 811   115.0  117.0
 2113971.865520 1.073E-30 7.865E-07.06620.076 1512.63650.74-.019999       2 1 1 51       0 1 1 01                    P 46f     455553293910 9 811    91.0   93.0
 2113973.495879 1.257E-30 7.865E-07.06630.077 1475.42300.75-.019865       2 1 1 51       0 1 1 01                    P 45e     455553343910 9 811    89.0   91.0
 2113975.402022 4.346E-30 7.088E-07.06380.070 1244.22040.71-.021272       2 0 0 51       0 0 0 01                    P 56e     455543343910 9 811   111.0  113.0
 2113976.047098 1.460E-30 7.926E-07.06640.077 1441.53070.75-.019731       2 1 1 51       0 1 1 01                    P 44f     455553343910 9 811    87.0   89.0
 2113977.700503 1.694E-30 7.922E-07.06650.078 1405.98470.75-.019596       2 1 1 51       0 1 1 01                    P 43e     456553343910 9 811    85.0   87.0
 2113980.150815 1.952E-30 7.987E-07.06660.079 1373.54200.75-.019459       2 1 1 51       0 1 1 01                    P 42f     456553343910 9 811    83.0   85.0
 2113980.229056 6.453E-30 7.177E-07.06470.071 1157.77410.72-.021026       2 0 0 51       0 0 0 01                    P 54e     455543343910 9 811   107.0  109.0
 2113981.786080 2.243E-30 7.980E-07.06680.080 1339.65920.75-.019322       2 1 1 51       0 1 1 01                    P 41e     456553343910 9 811    81.0   83.0
 2113984.137353 2.563E-30 8.045E-07.06690.080 1308.67160.76-.019183       2 1 1 51       0 1 1 01                    P 40f     456653343910 9 811    79.0   81.0
 2113984.940730 9.418E-30 7.262E-07.06530.072 1074.43060.72-.020775       2 0 0 51       0 0 0 01                    P 52e     455543343910 9 811   103.0  105.0
 2113985.752266 2.917E-30 8.033E-07.06700.081 1276.44760.76-.019043       2 1 1 51       0 1 1 01                    P 39e     456653343910 9 811    77.0   79.0
 2113988.006388 3.306E-30 8.100E-07.06720.082 1246.92050.76-.018903       2 1 1 51       0 1 1 01                    P 38f     456653343910 9 811    75.0   77.0
 2113989.536537 1.520E-29 8.262E-07.06580.074  994.19130.73-.020521       2 0 0 51       0 0 0 01                    P 50e     465553343910 9 811    99.0  101.0
 2113989.598735 3.726E-30 8.087E-07.06730.083 1216.35090.76-.018761       2 1 1 51       0 1 1 01                    P 37e     456653343910 9 811    73.0   75.0
 2113991.757614 4.188E-30 8.156E-07.06750.083 1188.28970.76-.018617       2 1 1 51       0 1 1 01                    P 36f     456653343910 9 811    71.0   73.0
 2113993.325183 4.673E-30 8.138E-07.06770.084 1159.37030.75-.018473       2 1 1 51       0 1 1 01                    P 35e     456653343910 9 811    69.0   71.0
 2113994.015991 2.144E-29 8.350E-07.06600.075  917.05730.74-.020262       2 0 0 51       0 0 0 01                    P 48e     465553343910 9 811    95.0   97.0
 2113995.390739 5.206E-30 8.207E-07.06790.085 1132.78030.75-.018328       2 1 1 51       0 1 1 01                    P 34f     456653343910 9 811    67.0   69.0
 2113996.931318 5.751E-30 8.187E-07.06810.086 1105.50660.75-.018181       2 1 1 51       0 1 1 01                    P 33e     456653343910 9 811    65.0   67.0
 2113998.378627 2.971E-29 8.436E-07.06620.076  843.03010.74-.019999       2 0 0 51       0 0 0 01                    P 46e     465553343910 9 811    91.0   93.0
 2113998.905488 6.351E-30 8.259E-07.06830.087 1080.39310.75-.018033       2 1 1 51       0 1 1 01                    P 32f     456653343910 9 811    63.0   65.0
